# seed=2
# instance=PIECEWISE
# popSize=100
# generations=100
# crossover=BlockUniform(p=0.5)
# mutation=p0=0.002,pMin=0.002,alpha=0.9
# tournamentK=3
# elitism=3
# lambda_similarity=0.3
# fights_per_team=20
# anchors=5
gen,changes,best_fitness,best_winrate,best_similarity,avg_fitness,worst_fitness,best_genome
0,1,-0.6763,0.9556,0.9309,-0.2110,0.2576,"9 0 21 10 12 0 8 0 12 40 15 3 35 36 26 20 31 22 7 0 39 41 16 16 22 20 11 0 41 41 5 17 32 16 7 1 41 28 33 1 11 39 14 7 3 17 9 11 4 23 32 7 25 12 0 25 3 25 19 15 12 9 12 15 28 0 21 7 28 5 42 13 20 34 0 18 7 6 13 29 27 5 37 21 16 39 32 10 31 41 35 27 33 7 25 42 17 39 20 24 7 4 17 41 18 23 17 13 9 24 7 3 0 23 26 33 9 17 29 24 8 39 25 11 30 21 19 41 2 12 4 19 26 3 23 24 14 29 38 17 36 13 21 1 35 28 23 33 30 25 25 9 34 25 7 0 32 33 29 13 38 29 30 0 24 7 25 24 4 0 3 16 27 32 6 35 33 3 27 11 4 10 25 20 34 9 2 10 20 33 26 8 24 38 41 30 0 27 13 8 19 12 39 39 1 36 41 38 12 37 25 3 37 20 14 36 20 19 17 18 6 1 31 19 38 23 7 0 24 27 14 18 40 18 23 29 5 32 8 39 17 21 10 30 33 23 28 36 41 6 3 22 12 30 24 41 39 36 11 12 41 39 1 13 28 25 23 3 18 7 0 12 29 15 4 20 0 17 2 21 20 40 29 11 28 17 42 0 23 32 35 1 6 4 20 1 9 23 29 28 16 4 26 40 20 14 4 40 19 23 2 20 2 10 42 24 13 21 20 18 21 14 2 12 35 22 2 31 16 41 9 35 15 34 12 0 21 4 27 32 20 42 27 31 8 22 24 32 7 35 21 22 35 40 6 40 25 2 6 34 0 13 36 5 24 0 18 16 40 40 41 42 8 37 26 31 24 3 20 11 2 33 36 8 22 36 28 33 13 0 19 8 15 4 22 20 32 9 27 24 5 41 25 42 5 0 9 6 11 31 31 39 37 35 39 26 29 27 12 18 7 34 18 0 30 23 37 38 14 11 14 29 31 17 39 8 19 31 1 0 40 10 19 17 38 36 6 21 0 21 36 20 26 20 23 2 36 30 6 36 38 27 3 22 5 17 16 27 24 10 2 40 32 16 17 9 38 35 23 10 41 40 31 35 20 25 13 32 16 8 3 30 28 15 6 25 39 23 17 33"
1,2,-0.6817,0.9608,0.9304,-0.2458,0.1901,"9 0 21 10 12 0 8 0 12 40 15 3 35 36 26 20 31 22 7 0 39 41 16 16 22 20 11 0 41 41 5 17 32 16 7 1 41 28 33 1 11 39 14 7 3 17 9 11 4 23 32 7 25 12 0 25 3 25 19 15 12 9 12 15 28 0 21 7 28 5 42 13 20 34 0 18 7 6 13 29 27 5 37 21 16 39 32 10 31 41 35 27 33 7 25 42 17 39 20 24 7 4 17 41 18 23 17 13 9 24 7 3 0 23 26 33 9 17 29 24 8 39 25 11 30 21 19 41 2 12 4 19 26 3 23 24 14 29 38 17 36 13 21 1 35 28 23 33 30 25 25 9 34 25 7 0 32 33 29 13 38 29 30 0 24 7 25 24 4 0 3 16 27 32 6 35 33 3 27 11 4 10 25 20 34 9 2 10 20 33 26 8 24 38 41 30 0 27 13 8 19 12 39 39 1 36 41 38 12 37 25 3 37 20 14 36 20 19 17 18 6 1 31 19 38 23 7 0 24 27 14 18 40 18 23 29 5 32 8 39 17 21 10 30 33 23 28 36 41 6 3 22 12 30 24 41 39 36 11 12 41 39 1 13 28 25 23 3 18 7 0 12 29 15 4 20 0 17 2 21 20 40 29 11 28 17 42 0 23 32 35 1 6 4 20 1 9 23 29 28 16 9 26 40 20 14 4 40 19 23 2 20 2 10 42 24 13 21 10 18 9 14 2 12 35 22 2 10 16 41 11 35 15 34 12 0 21 4 27 32 20 42 2 31 8 10 24 32 7 35 21 39 35 9 6 11 25 2 10 34 0 13 2 10 2 0 18 16 9 40 41 10 8 37 26 31 39 3 20 11 2 33 36 8 9 9 28 2 13 0 11 8 15 4 22 20 11 9 27 24 5 41 25 42 5 0 9 6 11 31 31 39 37 35 39 26 29 27 12 18 7 34 18 0 30 23 37 38 14 11 14 29 31 17 39 8 19 31 1 0 40 10 19 17 38 36 6 21 0 21 36 20 26 20 23 2 36 30 6 36 38 27 3 22 5 17 16 27 24 10 2 40 32 16 17 9 38 35 23 10 41 40 31 35 20 25 13 32 16 8 3 30 28 15 6 25 39 23 17 33"
2,2,-0.6817,0.9608,0.9304,-0.2511,0.1856,"9 0 21 10 12 0 8 0 12 40 15 3 35 36 26 20 31 22 7 0 39 41 16 16 22 20 11 0 41 41 5 17 32 16 7 1 41 28 33 1 11 39 14 7 3 17 9 11 4 23 32 7 25 12 0 25 3 25 19 15 12 9 12 15 28 0 21 7 28 5 42 13 20 34 0 18 7 6 13 29 27 5 37 21 16 39 32 10 31 41 35 27 33 7 25 42 17 39 20 24 7 4 17 41 18 23 17 13 9 24 7 3 0 23 26 33 9 17 29 24 8 39 25 11 30 21 19 41 2 12 4 19 26 3 23 24 14 29 38 17 36 13 21 1 35 28 23 33 30 25 25 9 34 25 7 0 32 33 29 13 38 29 30 0 24 7 25 24 4 0 3 16 27 32 6 35 33 3 27 11 4 10 25 20 34 9 2 10 20 33 26 8 24 38 41 30 0 27 13 8 19 12 39 39 1 36 41 38 12 37 25 3 37 20 14 36 20 19 17 18 6 1 31 19 38 23 7 0 24 27 14 18 40 18 23 29 5 32 8 39 17 21 10 30 33 23 28 36 41 6 3 22 12 30 24 41 39 36 11 12 41 39 1 13 28 25 23 3 18 7 0 12 29 15 4 20 0 17 2 21 20 40 29 11 28 17 42 0 23 32 35 1 6 4 20 1 9 23 29 28 16 9 26 40 20 14 4 40 19 23 2 20 2 10 42 24 13 21 10 18 9 14 2 12 35 22 2 10 16 41 11 35 15 34 12 0 21 4 27 32 20 42 2 31 8 10 24 32 7 35 21 39 35 9 6 11 25 2 10 34 0 13 2 10 2 0 18 16 9 40 41 10 8 37 26 31 39 3 20 11 2 33 36 8 9 9 28 2 13 0 11 8 15 4 22 20 11 9 27 24 5 41 25 42 5 0 9 6 11 31 31 39 37 35 39 26 29 27 12 18 7 34 18 0 30 23 37 38 14 11 14 29 31 17 39 8 19 31 1 0 40 10 19 17 38 36 6 21 0 21 36 20 26 20 23 2 36 30 6 36 38 27 3 22 5 17 16 27 24 10 2 40 32 16 17 9 38 35 23 10 41 40 31 35 20 25 13 32 16 8 3 30 28 15 6 25 39 23 17 33"
3,2,-0.6817,0.9608,0.9304,-0.2561,0.1840,"9 0 21 10 12 0 8 0 12 40 15 3 35 36 26 20 31 22 7 0 39 41 16 16 22 20 11 0 41 41 5 17 32 16 7 1 41 28 33 1 11 39 14 7 3 17 9 11 4 23 32 7 25 12 0 25 3 25 19 15 12 9 12 15 28 0 21 7 28 5 42 13 20 34 0 18 7 6 13 29 27 5 37 21 16 39 32 10 31 41 35 27 33 7 25 42 17 39 20 24 7 4 17 41 18 23 17 13 9 24 7 3 0 23 26 33 9 17 29 24 8 39 25 11 30 21 19 41 2 12 4 19 26 3 23 24 14 29 38 17 36 13 21 1 35 28 23 33 30 25 25 9 34 25 7 0 32 33 29 13 38 29 30 0 24 7 25 24 4 0 3 16 27 32 6 35 33 3 27 11 4 10 25 20 34 9 2 10 20 33 26 8 24 38 41 30 0 27 13 8 19 12 39 39 1 36 41 38 12 37 25 3 37 20 14 36 20 19 17 18 6 1 31 19 38 23 7 0 24 27 14 18 40 18 23 29 5 32 8 39 17 21 10 30 33 23 28 36 41 6 3 22 12 30 24 41 39 36 11 12 41 39 1 13 28 25 23 3 18 7 0 12 29 15 4 20 0 17 2 21 20 40 29 11 28 17 42 0 23 32 35 1 6 4 20 1 9 23 29 28 16 9 26 40 20 14 4 40 19 23 2 20 2 10 42 24 13 21 10 18 9 14 2 12 35 22 2 10 16 41 11 35 15 34 12 0 21 4 27 32 20 42 2 31 8 10 24 32 7 35 21 39 35 9 6 11 25 2 10 34 0 13 2 10 2 0 18 16 9 40 41 10 8 37 26 31 39 3 20 11 2 33 36 8 9 9 28 2 13 0 11 8 15 4 22 20 11 9 27 24 5 41 25 42 5 0 9 6 11 31 31 39 37 35 39 26 29 27 12 18 7 34 18 0 30 23 37 38 14 11 14 29 31 17 39 8 19 31 1 0 40 10 19 17 38 36 6 21 0 21 36 20 26 20 23 2 36 30 6 36 38 27 3 22 5 17 16 27 24 10 2 40 32 16 17 9 38 35 23 10 41 40 31 35 20 25 13 32 16 8 3 30 28 15 6 25 39 23 17 33"
4,2,-0.6817,0.9608,0.9304,-0.2571,0.1628,"9 0 21 10 12 0 8 0 12 40 15 3 35 36 26 20 31 22 7 0 39 41 16 16 22 20 11 0 41 41 5 17 32 16 7 1 41 28 33 1 11 39 14 7 3 17 9 11 4 23 32 7 25 12 0 25 3 25 19 15 12 9 12 15 28 0 21 7 28 5 42 13 20 34 0 18 7 6 13 29 27 5 37 21 16 39 32 10 31 41 35 27 33 7 25 42 17 39 20 24 7 4 17 41 18 23 17 13 9 24 7 3 0 23 26 33 9 17 29 24 8 39 25 11 30 21 19 41 2 12 4 19 26 3 23 24 14 29 38 17 36 13 21 1 35 28 23 33 30 25 25 9 34 25 7 0 32 33 29 13 38 29 30 0 24 7 25 24 4 0 3 16 27 32 6 35 33 3 27 11 4 10 25 20 34 9 2 10 20 33 26 8 24 38 41 30 0 27 13 8 19 12 39 39 1 36 41 38 12 37 25 3 37 20 14 36 20 19 17 18 6 1 31 19 38 23 7 0 24 27 14 18 40 18 23 29 5 32 8 39 17 21 10 30 33 23 28 36 41 6 3 22 12 30 24 41 39 36 11 12 41 39 1 13 28 25 23 3 18 7 0 12 29 15 4 20 0 17 2 21 20 40 29 11 28 17 42 0 23 32 35 1 6 4 20 1 9 23 29 28 16 9 26 40 20 14 4 40 19 23 2 20 2 10 42 24 13 21 10 18 9 14 2 12 35 22 2 10 16 41 11 35 15 34 12 0 21 4 27 32 20 42 2 31 8 10 24 32 7 35 21 39 35 9 6 11 25 2 10 34 0 13 2 10 2 0 18 16 9 40 41 10 8 37 26 31 39 3 20 11 2 33 36 8 9 9 28 2 13 0 11 8 15 4 22 20 11 9 27 24 5 41 25 42 5 0 9 6 11 31 31 39 37 35 39 26 29 27 12 18 7 34 18 0 30 23 37 38 14 11 14 29 31 17 39 8 19 31 1 0 40 10 19 17 38 36 6 21 0 21 36 20 26 20 23 2 36 30 6 36 38 27 3 22 5 17 16 27 24 10 2 40 32 16 17 9 38 35 23 10 41 40 31 35 20 25 13 32 16 8 3 30 28 15 6 25 39 23 17 33"
5,2,-0.6817,0.9608,0.9304,-0.2555,0.1632,"9 0 21 10 12 0 8 0 12 40 15 3 35 36 26 20 31 22 7 0 39 41 16 16 22 20 11 0 41 41 5 17 32 16 7 1 41 28 33 1 11 39 14 7 3 17 9 11 4 23 32 7 25 12 0 25 3 25 19 15 12 9 12 15 28 0 21 7 28 5 42 13 20 34 0 18 7 6 13 29 27 5 37 21 16 39 32 10 31 41 35 27 33 7 25 42 17 39 20 24 7 4 17 41 18 23 17 13 9 24 7 3 0 23 26 33 9 17 29 24 8 39 25 11 30 21 19 41 2 12 4 19 26 3 23 24 14 29 38 17 36 13 21 1 35 28 23 33 30 25 25 9 34 25 7 0 32 33 29 13 38 29 30 0 24 7 25 24 4 0 3 16 27 32 6 35 33 3 27 11 4 10 25 20 34 9 2 10 20 33 26 8 24 38 41 30 0 27 13 8 19 12 39 39 1 36 41 38 12 37 25 3 37 20 14 36 20 19 17 18 6 1 31 19 38 23 7 0 24 27 14 18 40 18 23 29 5 32 8 39 17 21 10 30 33 23 28 36 41 6 3 22 12 30 24 41 39 36 11 12 41 39 1 13 28 25 23 3 18 7 0 12 29 15 4 20 0 17 2 21 20 40 29 11 28 17 42 0 23 32 35 1 6 4 20 1 9 23 29 28 16 9 26 40 20 14 4 40 19 23 2 20 2 10 42 24 13 21 10 18 9 14 2 12 35 22 2 10 16 41 11 35 15 34 12 0 21 4 27 32 20 42 2 31 8 10 24 32 7 35 21 39 35 9 6 11 25 2 10 34 0 13 2 10 2 0 18 16 9 40 41 10 8 37 26 31 39 3 20 11 2 33 36 8 9 9 28 2 13 0 11 8 15 4 22 20 11 9 27 24 5 41 25 42 5 0 9 6 11 31 31 39 37 35 39 26 29 27 12 18 7 34 18 0 30 23 37 38 14 11 14 29 31 17 39 8 19 31 1 0 40 10 19 17 38 36 6 21 0 21 36 20 26 20 23 2 36 30 6 36 38 27 3 22 5 17 16 27 24 10 2 40 32 16 17 9 38 35 23 10 41 40 31 35 20 25 13 32 16 8 3 30 28 15 6 25 39 23 17 33"
6,2,-0.6817,0.9608,0.9304,-0.2530,0.1420,"9 0 21 10 12 0 8 0 12 40 15 3 35 36 26 20 31 22 7 0 39 41 16 16 22 20 11 0 41 41 5 17 32 16 7 1 41 28 33 1 11 39 14 7 3 17 9 11 4 23 32 7 25 12 0 25 3 25 19 15 12 9 12 15 28 0 21 7 28 5 42 13 20 34 0 18 7 6 13 29 27 5 37 21 16 39 32 10 31 41 35 27 33 7 25 42 17 39 20 24 7 4 17 41 18 23 17 13 9 24 7 3 0 23 26 33 9 17 29 24 8 39 25 11 30 21 19 41 2 12 4 19 26 3 23 24 14 29 38 17 36 13 21 1 35 28 23 33 30 25 25 9 34 25 7 0 32 33 29 13 38 29 30 0 24 7 25 24 4 0 3 16 27 32 6 35 33 3 27 11 4 10 25 20 34 9 2 10 20 33 26 8 24 38 41 30 0 27 13 8 19 12 39 39 1 36 41 38 12 37 25 3 37 20 14 36 20 19 17 18 6 1 31 19 38 23 7 0 24 27 14 18 40 18 23 29 5 32 8 39 17 21 10 30 33 23 28 36 41 6 3 22 12 30 24 41 39 36 11 12 41 39 1 13 28 25 23 3 18 7 0 12 29 15 4 20 0 17 2 21 20 40 29 11 28 17 42 0 23 32 35 1 6 4 20 1 9 23 29 28 16 9 26 40 20 14 4 40 19 23 2 20 2 10 42 24 13 21 10 18 9 14 2 12 35 22 2 10 16 41 11 35 15 34 12 0 21 4 27 32 20 42 2 31 8 10 24 32 7 35 21 39 35 9 6 11 25 2 10 34 0 13 2 10 2 0 18 16 9 40 41 10 8 37 26 31 39 3 20 11 2 33 36 8 9 9 28 2 13 0 11 8 15 4 22 20 11 9 27 24 5 41 25 42 5 0 9 6 11 31 31 39 37 35 39 26 29 27 12 18 7 34 18 0 30 23 37 38 14 11 14 29 31 17 39 8 19 31 1 0 40 10 19 17 38 36 6 21 0 21 36 20 26 20 23 2 36 30 6 36 38 27 3 22 5 17 16 27 24 10 2 40 32 16 17 9 38 35 23 10 41 40 31 35 20 25 13 32 16 8 3 30 28 15 6 25 39 23 17 33"
7,3,-0.6867,0.9737,0.9566,-0.2579,0.1343,"23 0 21 10 12 0 8 0 12 40 15 39 35 36 26 24 31 23 7 0 39 41 16 16 22 20 11 23 41 41 5 23 32 16 7 1 41 28 33 1 11 24 24 7 24 39 9 12 4 23 32 7 23 12 0 25 3 25 19 15 12 9 12 15 28 0 21 7 28 12 42 13 20 34 0 39 7 6 13 29 27 5 37 21 16 39 32 10 31 41 35 27 33 7 25 42 17 39 20 24 7 4 26 41 18 23 17 13 9 24 7 3 27 23 26 33 19 27 19 25 13 39 25 25 30 21 19 26 39 12 19 19 26 12 23 24 14 29 38 17 36 20 21 1 35 28 19 33 30 19 12 25 26 25 25 0 32 33 29 13 25 29 39 0 27 20 25 24 4 0 12 16 27 25 6 26 33 3 39 11 27 10 25 26 25 9 2 10 12 33 12 8 24 25 41 30 0 20 13 8 35 33 22 12 40 22 10 1 9 24 25 28 28 12 39 39 1 16 39 4 39 18 3 32 33 25 14 36 2 1 34 8 12 3 27 32 42 26 1 5 20 27 25 10 26 7 18 39 34 0 24 20 3 30 25 10 36 31 16 3 2 5 25 17 26 27 26 26 7 27 0 11 12 4 12 26 42 16 19 26 1 28 34 8 27 14 14 24 9 5 25 26 3 38 21 19 36 27 27 27 40 40 8 10 2 10 21 17 22 32 15 2 15 17 5 38 1 8 8 39 2 0 31 2 11 27 35 39 11 38 22 38 19 39 10 10 32 24 10 31 22 14 22 11 37 9 18 9 34 9 9 31 2 9 17 37 40 41 28 2 6 9 8 38 2 26 16 41 9 16 9 17 35 10 17 19 22 1 11 39 0 9 14 38 33 11 4 29 38 28 42 9 23 0 10 16 14 30 34 19 19 23 39 17 13 36 17 42 18 32 39 0 30 18 18 12 12 2 17 0 39 16 23 34 17 17 32 39 4 36 12 39 17 39 24 42 40 0 17 34 39 12 7 5 40 19 12 25 17 24 39 42 11 23 32 7 8 18 27 11 18 31 25 17 18 18 25 17 8 10 25 31 40 12 18 12 18 17 10 38 39 21 23 25 17 7 12 33 17 36 38 22 0 18 7 39 25 39 18 12"
8,3,-0.6867,0.9737,0.9566,-0.2658,0.1641,"23 0 21 10 12 0 8 0 12 40 15 39 35 36 26 24 31 23 7 0 39 41 16 16 22 20 11 23 41 41 5 23 32 16 7 1 41 28 33 1 11 24 24 7 24 39 9 12 4 23 32 7 23 12 0 25 3 25 19 15 12 9 12 15 28 0 21 7 28 12 42 13 20 34 0 39 7 6 13 29 27 5 37 21 16 39 32 10 31 41 35 27 33 7 25 42 17 39 20 24 7 4 26 41 18 23 17 13 9 24 7 3 27 23 26 33 19 27 19 25 13 39 25 25 30 21 19 26 39 12 19 19 26 12 23 24 14 29 38 17 36 20 21 1 35 28 19 33 30 19 12 25 26 25 25 0 32 33 29 13 25 29 39 0 27 20 25 24 4 0 12 16 27 25 6 26 33 3 39 11 27 10 25 26 25 9 2 10 12 33 12 8 24 25 41 30 0 20 13 8 35 33 22 12 40 22 10 1 9 24 25 28 28 12 39 39 1 16 39 4 39 18 3 32 33 25 14 36 2 1 34 8 12 3 27 32 42 26 1 5 20 27 25 10 26 7 18 39 34 0 24 20 3 30 25 10 36 31 16 3 2 5 25 17 26 27 26 26 7 27 0 11 12 4 12 26 42 16 19 26 1 28 34 8 27 14 14 24 9 5 25 26 3 38 21 19 36 27 27 27 40 40 8 10 2 10 21 17 22 32 15 2 15 17 5 38 1 8 8 39 2 0 31 2 11 27 35 39 11 38 22 38 19 39 10 10 32 24 10 31 22 14 22 11 37 9 18 9 34 9 9 31 2 9 17 37 40 41 28 2 6 9 8 38 2 26 16 41 9 16 9 17 35 10 17 19 22 1 11 39 0 9 14 38 33 11 4 29 38 28 42 9 23 0 10 16 14 30 34 19 19 23 39 17 13 36 17 42 18 32 39 0 30 18 18 12 12 2 17 0 39 16 23 34 17 17 32 39 4 36 12 39 17 39 24 42 40 0 17 34 39 12 7 5 40 19 12 25 17 24 39 42 11 23 32 7 8 18 27 11 18 31 25 17 18 18 25 17 8 10 25 31 40 12 18 12 18 17 10 38 39 21 23 25 17 7 12 33 17 36 38 22 0 18 7 39 25 39 18 12"
9,3,-0.6867,0.9737,0.9566,-0.2613,0.1644,"23 0 21 10 12 0 8 0 12 40 15 39 35 36 26 24 31 23 7 0 39 41 16 16 22 20 11 23 41 41 5 23 32 16 7 1 41 28 33 1 11 24 24 7 24 39 9 12 4 23 32 7 23 12 0 25 3 25 19 15 12 9 12 15 28 0 21 7 28 12 42 13 20 34 0 39 7 6 13 29 27 5 37 21 16 39 32 10 31 41 35 27 33 7 25 42 17 39 20 24 7 4 26 41 18 23 17 13 9 24 7 3 27 23 26 33 19 27 19 25 13 39 25 25 30 21 19 26 39 12 19 19 26 12 23 24 14 29 38 17 36 20 21 1 35 28 19 33 30 19 12 25 26 25 25 0 32 33 29 13 25 29 39 0 27 20 25 24 4 0 12 16 27 25 6 26 33 3 39 11 27 10 25 26 25 9 2 10 12 33 12 8 24 25 41 30 0 20 13 8 35 33 22 12 40 22 10 1 9 24 25 28 28 12 39 39 1 16 39 4 39 18 3 32 33 25 14 36 2 1 34 8 12 3 27 32 42 26 1 5 20 27 25 10 26 7 18 39 34 0 24 20 3 30 25 10 36 31 16 3 2 5 25 17 26 27 26 26 7 27 0 11 12 4 12 26 42 16 19 26 1 28 34 8 27 14 14 24 9 5 25 26 3 38 21 19 36 27 27 27 40 40 8 10 2 10 21 17 22 32 15 2 15 17 5 38 1 8 8 39 2 0 31 2 11 27 35 39 11 38 22 38 19 39 10 10 32 24 10 31 22 14 22 11 37 9 18 9 34 9 9 31 2 9 17 37 40 41 28 2 6 9 8 38 2 26 16 41 9 16 9 17 35 10 17 19 22 1 11 39 0 9 14 38 33 11 4 29 38 28 42 9 23 0 10 16 14 30 34 19 19 23 39 17 13 36 17 42 18 32 39 0 30 18 18 12 12 2 17 0 39 16 23 34 17 17 32 39 4 36 12 39 17 39 24 42 40 0 17 34 39 12 7 5 40 19 12 25 17 24 39 42 11 23 32 7 8 18 27 11 18 31 25 17 18 18 25 17 8 10 25 31 40 12 18 12 18 17 10 38 39 21 23 25 17 7 12 33 17 36 38 22 0 18 7 39 25 39 18 12"
10,3,-0.6867,0.9737,0.9566,-0.2600,0.1685,"23 0 21 10 12 0 8 0 12 40 15 39 35 36 26 24 31 23 7 0 39 41 16 16 22 20 11 23 41 41 5 23 32 16 7 1 41 28 33 1 11 24 24 7 24 39 9 12 4 23 32 7 23 12 0 25 3 25 19 15 12 9 12 15 28 0 21 7 28 12 42 13 20 34 0 39 7 6 13 29 27 5 37 21 16 39 32 10 31 41 35 27 33 7 25 42 17 39 20 24 7 4 26 41 18 23 17 13 9 24 7 3 27 23 26 33 19 27 19 25 13 39 25 25 30 21 19 26 39 12 19 19 26 12 23 24 14 29 38 17 36 20 21 1 35 28 19 33 30 19 12 25 26 25 25 0 32 33 29 13 25 29 39 0 27 20 25 24 4 0 12 16 27 25 6 26 33 3 39 11 27 10 25 26 25 9 2 10 12 33 12 8 24 25 41 30 0 20 13 8 35 33 22 12 40 22 10 1 9 24 25 28 28 12 39 39 1 16 39 4 39 18 3 32 33 25 14 36 2 1 34 8 12 3 27 32 42 26 1 5 20 27 25 10 26 7 18 39 34 0 24 20 3 30 25 10 36 31 16 3 2 5 25 17 26 27 26 26 7 27 0 11 12 4 12 26 42 16 19 26 1 28 34 8 27 14 14 24 9 5 25 26 3 38 21 19 36 27 27 27 40 40 8 10 2 10 21 17 22 32 15 2 15 17 5 38 1 8 8 39 2 0 31 2 11 27 35 39 11 38 22 38 19 39 10 10 32 24 10 31 22 14 22 11 37 9 18 9 34 9 9 31 2 9 17 37 40 41 28 2 6 9 8 38 2 26 16 41 9 16 9 17 35 10 17 19 22 1 11 39 0 9 14 38 33 11 4 29 38 28 42 9 23 0 10 16 14 30 34 19 19 23 39 17 13 36 17 42 18 32 39 0 30 18 18 12 12 2 17 0 39 16 23 34 17 17 32 39 4 36 12 39 17 39 24 42 40 0 17 34 39 12 7 5 40 19 12 25 17 24 39 42 11 23 32 7 8 18 27 11 18 31 25 17 18 18 25 17 8 10 25 31 40 12 18 12 18 17 10 38 39 21 23 25 17 7 12 33 17 36 38 22 0 18 7 39 25 39 18 12"
11,3,-0.6867,0.9737,0.9566,-0.2625,0.1850,"23 0 21 10 12 0 8 0 12 40 15 39 35 36 26 24 31 23 7 0 39 41 16 16 22 20 11 23 41 41 5 23 32 16 7 1 41 28 33 1 11 24 24 7 24 39 9 12 4 23 32 7 23 12 0 25 3 25 19 15 12 9 12 15 28 0 21 7 28 12 42 13 20 34 0 39 7 6 13 29 27 5 37 21 16 39 32 10 31 41 35 27 33 7 25 42 17 39 20 24 7 4 26 41 18 23 17 13 9 24 7 3 27 23 26 33 19 27 19 25 13 39 25 25 30 21 19 26 39 12 19 19 26 12 23 24 14 29 38 17 36 20 21 1 35 28 19 33 30 19 12 25 26 25 25 0 32 33 29 13 25 29 39 0 27 20 25 24 4 0 12 16 27 25 6 26 33 3 39 11 27 10 25 26 25 9 2 10 12 33 12 8 24 25 41 30 0 20 13 8 35 33 22 12 40 22 10 1 9 24 25 28 28 12 39 39 1 16 39 4 39 18 3 32 33 25 14 36 2 1 34 8 12 3 27 32 42 26 1 5 20 27 25 10 26 7 18 39 34 0 24 20 3 30 25 10 36 31 16 3 2 5 25 17 26 27 26 26 7 27 0 11 12 4 12 26 42 16 19 26 1 28 34 8 27 14 14 24 9 5 25 26 3 38 21 19 36 27 27 27 40 40 8 10 2 10 21 17 22 32 15 2 15 17 5 38 1 8 8 39 2 0 31 2 11 27 35 39 11 38 22 38 19 39 10 10 32 24 10 31 22 14 22 11 37 9 18 9 34 9 9 31 2 9 17 37 40 41 28 2 6 9 8 38 2 26 16 41 9 16 9 17 35 10 17 19 22 1 11 39 0 9 14 38 33 11 4 29 38 28 42 9 23 0 10 16 14 30 34 19 19 23 39 17 13 36 17 42 18 32 39 0 30 18 18 12 12 2 17 0 39 16 23 34 17 17 32 39 4 36 12 39 17 39 24 42 40 0 17 34 39 12 7 5 40 19 12 25 17 24 39 42 11 23 32 7 8 18 27 11 18 31 25 17 18 18 25 17 8 10 25 31 40 12 18 12 18 17 10 38 39 21 23 25 17 7 12 33 17 36 38 22 0 18 7 39 25 39 18 12"
12,3,-0.6867,0.9737,0.9566,-0.2589,0.1513,"23 0 21 10 12 0 8 0 12 40 15 39 35 36 26 24 31 23 7 0 39 41 16 16 22 20 11 23 41 41 5 23 32 16 7 1 41 28 33 1 11 24 24 7 24 39 9 12 4 23 32 7 23 12 0 25 3 25 19 15 12 9 12 15 28 0 21 7 28 12 42 13 20 34 0 39 7 6 13 29 27 5 37 21 16 39 32 10 31 41 35 27 33 7 25 42 17 39 20 24 7 4 26 41 18 23 17 13 9 24 7 3 27 23 26 33 19 27 19 25 13 39 25 25 30 21 19 26 39 12 19 19 26 12 23 24 14 29 38 17 36 20 21 1 35 28 19 33 30 19 12 25 26 25 25 0 32 33 29 13 25 29 39 0 27 20 25 24 4 0 12 16 27 25 6 26 33 3 39 11 27 10 25 26 25 9 2 10 12 33 12 8 24 25 41 30 0 20 13 8 35 33 22 12 40 22 10 1 9 24 25 28 28 12 39 39 1 16 39 4 39 18 3 32 33 25 14 36 2 1 34 8 12 3 27 32 42 26 1 5 20 27 25 10 26 7 18 39 34 0 24 20 3 30 25 10 36 31 16 3 2 5 25 17 26 27 26 26 7 27 0 11 12 4 12 26 42 16 19 26 1 28 34 8 27 14 14 24 9 5 25 26 3 38 21 19 36 27 27 27 40 40 8 10 2 10 21 17 22 32 15 2 15 17 5 38 1 8 8 39 2 0 31 2 11 27 35 39 11 38 22 38 19 39 10 10 32 24 10 31 22 14 22 11 37 9 18 9 34 9 9 31 2 9 17 37 40 41 28 2 6 9 8 38 2 26 16 41 9 16 9 17 35 10 17 19 22 1 11 39 0 9 14 38 33 11 4 29 38 28 42 9 23 0 10 16 14 30 34 19 19 23 39 17 13 36 17 42 18 32 39 0 30 18 18 12 12 2 17 0 39 16 23 34 17 17 32 39 4 36 12 39 17 39 24 42 40 0 17 34 39 12 7 5 40 19 12 25 17 24 39 42 11 23 32 7 8 18 27 11 18 31 25 17 18 18 25 17 8 10 25 31 40 12 18 12 18 17 10 38 39 21 23 25 17 7 12 33 17 36 38 22 0 18 7 39 25 39 18 12"
13,3,-0.6867,0.9737,0.9566,-0.2616,0.1728,"23 0 21 10 12 0 8 0 12 40 15 39 35 36 26 24 31 23 7 0 39 41 16 16 22 20 11 23 41 41 5 23 32 16 7 1 41 28 33 1 11 24 24 7 24 39 9 12 4 23 32 7 23 12 0 25 3 25 19 15 12 9 12 15 28 0 21 7 28 12 42 13 20 34 0 39 7 6 13 29 27 5 37 21 16 39 32 10 31 41 35 27 33 7 25 42 17 39 20 24 7 4 26 41 18 23 17 13 9 24 7 3 27 23 26 33 19 27 19 25 13 39 25 25 30 21 19 26 39 12 19 19 26 12 23 24 14 29 38 17 36 20 21 1 35 28 19 33 30 19 12 25 26 25 25 0 32 33 29 13 25 29 39 0 27 20 25 24 4 0 12 16 27 25 6 26 33 3 39 11 27 10 25 26 25 9 2 10 12 33 12 8 24 25 41 30 0 20 13 8 35 33 22 12 40 22 10 1 9 24 25 28 28 12 39 39 1 16 39 4 39 18 3 32 33 25 14 36 2 1 34 8 12 3 27 32 42 26 1 5 20 27 25 10 26 7 18 39 34 0 24 20 3 30 25 10 36 31 16 3 2 5 25 17 26 27 26 26 7 27 0 11 12 4 12 26 42 16 19 26 1 28 34 8 27 14 14 24 9 5 25 26 3 38 21 19 36 27 27 27 40 40 8 10 2 10 21 17 22 32 15 2 15 17 5 38 1 8 8 39 2 0 31 2 11 27 35 39 11 38 22 38 19 39 10 10 32 24 10 31 22 14 22 11 37 9 18 9 34 9 9 31 2 9 17 37 40 41 28 2 6 9 8 38 2 26 16 41 9 16 9 17 35 10 17 19 22 1 11 39 0 9 14 38 33 11 4 29 38 28 42 9 23 0 10 16 14 30 34 19 19 23 39 17 13 36 17 42 18 32 39 0 30 18 18 12 12 2 17 0 39 16 23 34 17 17 32 39 4 36 12 39 17 39 24 42 40 0 17 34 39 12 7 5 40 19 12 25 17 24 39 42 11 23 32 7 8 18 27 11 18 31 25 17 18 18 25 17 8 10 25 31 40 12 18 12 18 17 10 38 39 21 23 25 17 7 12 33 17 36 38 22 0 18 7 39 25 39 18 12"
14,4,-0.6976,0.9815,0.9462,-0.2595,0.1428,"9 0 21 10 12 0 8 0 12 40 2 3 35 36 26 20 31 22 7 0 39 41 16 2 22 20 11 0 41 41 5 17 32 16 7 1 41 28 33 1 11 39 14 7 3 17 9 5 4 23 32 7 25 12 0 25 3 25 19 15 12 9 12 15 28 0 2 7 28 5 42 13 20 34 0 18 7 2 13 29 27 2 37 21 16 39 32 10 31 41 35 2 33 7 25 42 17 2 20 24 7 29 26 29 18 39 17 39 9 30 7 3 27 23 28 30 19 28 39 25 13 39 12 25 28 29 28 26 39 12 19 19 26 12 23 30 14 29 38 30 36 20 21 1 35 29 19 33 30 19 12 25 26 25 25 0 32 33 28 28 25 29 39 0 27 20 25 12 4 0 12 16 28 25 6 26 33 3 39 11 27 10 30 26 25 28 12 10 30 30 12 8 28 25 41 39 0 39 39 28 35 33 22 12 40 5 5 1 9 2 25 28 28 2 10 12 1 16 38 4 19 18 3 32 33 25 14 2 2 1 2 8 22 3 12 32 42 36 1 5 2 13 25 10 14 7 2 39 34 0 24 20 3 30 25 2 36 31 16 3 2 2 12 17 0 36 37 26 7 15 0 11 12 4 2 26 42 16 19 31 1 28 34 8 3 2 14 40 9 5 25 38 3 38 21 19 36 2 27 34 34 12 14 37 10 32 16 5 39 39 33 22 30 32 37 22 0 39 9 22 40 21 21 22 31 10 22 18 32 12 25 20 39 17 40 22 10 38 4 12 21 12 12 31 31 21 1 5 42 38 21 21 0 25 8 12 17 12 27 37 21 13 37 11 35 22 22 31 39 35 40 16 1 21 0 4 39 2 40 35 27 12 8 19 9 12 21 32 30 37 14 41 15 2 21 29 3 0 3 41 19 23 40 17 13 36 2 42 27 32 36 0 30 16 14 12 8 2 0 0 39 16 23 34 8 29 32 39 4 36 12 2 10 9 24 42 40 0 2 34 0 19 7 5 40 2 12 25 19 24 8 42 11 23 2 7 8 4 27 11 18 31 25 7 18 41 25 2 8 10 25 31 2 19 16 26 12 21 10 38 39 21 16 25 37 7 27 33 42 36 38 22 0 18 7 36 25 2 39 12"
15,4,-0.6976,0.9815,0.9462,-0.2629,0.1667,"9 0 21 10 12 0 8 0 12 40 2 3 35 36 26 20 31 22 7 0 39 41 16 2 22 20 11 0 41 41 5 17 32 16 7 1 41 28 33 1 11 39 14 7 3 17 9 5 4 23 32 7 25 12 0 25 3 25 19 15 12 9 12 15 28 0 2 7 28 5 42 13 20 34 0 18 7 2 13 29 27 2 37 21 16 39 32 10 31 41 35 2 33 7 25 42 17 2 20 24 7 29 26 29 18 39 17 39 9 30 7 3 27 23 28 30 19 28 39 25 13 39 12 25 28 29 28 26 39 12 19 19 26 12 23 30 14 29 38 30 36 20 21 1 35 29 19 33 30 19 12 25 26 25 25 0 32 33 28 28 25 29 39 0 27 20 25 12 4 0 12 16 28 25 6 26 33 3 39 11 27 10 30 26 25 28 12 10 30 30 12 8 28 25 41 39 0 39 39 28 35 33 22 12 40 5 5 1 9 2 25 28 28 2 10 12 1 16 38 4 19 18 3 32 33 25 14 2 2 1 2 8 22 3 12 32 42 36 1 5 2 13 25 10 14 7 2 39 34 0 24 20 3 30 25 2 36 31 16 3 2 2 12 17 0 36 37 26 7 15 0 11 12 4 2 26 42 16 19 31 1 28 34 8 3 2 14 40 9 5 25 38 3 38 21 19 36 2 27 34 34 12 14 37 10 32 16 5 39 39 33 22 30 32 37 22 0 39 9 22 40 21 21 22 31 10 22 18 32 12 25 20 39 17 40 22 10 38 4 12 21 12 12 31 31 21 1 5 42 38 21 21 0 25 8 12 17 12 27 37 21 13 37 11 35 22 22 31 39 35 40 16 1 21 0 4 39 2 40 35 27 12 8 19 9 12 21 32 30 37 14 41 15 2 21 29 3 0 3 41 19 23 40 17 13 36 2 42 27 32 36 0 30 16 14 12 8 2 0 0 39 16 23 34 8 29 32 39 4 36 12 2 10 9 24 42 40 0 2 34 0 19 7 5 40 2 12 25 19 24 8 42 11 23 2 7 8 4 27 11 18 31 25 7 18 41 25 2 8 10 25 31 2 19 16 26 12 21 10 38 39 21 16 25 37 7 27 33 42 36 38 22 0 18 7 36 25 2 39 12"
16,4,-0.6976,0.9815,0.9462,-0.2669,0.1673,"9 0 21 10 12 0 8 0 12 40 2 3 35 36 26 20 31 22 7 0 39 41 16 2 22 20 11 0 41 41 5 17 32 16 7 1 41 28 33 1 11 39 14 7 3 17 9 5 4 23 32 7 25 12 0 25 3 25 19 15 12 9 12 15 28 0 2 7 28 5 42 13 20 34 0 18 7 2 13 29 27 2 37 21 16 39 32 10 31 41 35 2 33 7 25 42 17 2 20 24 7 29 26 29 18 39 17 39 9 30 7 3 27 23 28 30 19 28 39 25 13 39 12 25 28 29 28 26 39 12 19 19 26 12 23 30 14 29 38 30 36 20 21 1 35 29 19 33 30 19 12 25 26 25 25 0 32 33 28 28 25 29 39 0 27 20 25 12 4 0 12 16 28 25 6 26 33 3 39 11 27 10 30 26 25 28 12 10 30 30 12 8 28 25 41 39 0 39 39 28 35 33 22 12 40 5 5 1 9 2 25 28 28 2 10 12 1 16 38 4 19 18 3 32 33 25 14 2 2 1 2 8 22 3 12 32 42 36 1 5 2 13 25 10 14 7 2 39 34 0 24 20 3 30 25 2 36 31 16 3 2 2 12 17 0 36 37 26 7 15 0 11 12 4 2 26 42 16 19 31 1 28 34 8 3 2 14 40 9 5 25 38 3 38 21 19 36 2 27 34 34 12 14 37 10 32 16 5 39 39 33 22 30 32 37 22 0 39 9 22 40 21 21 22 31 10 22 18 32 12 25 20 39 17 40 22 10 38 4 12 21 12 12 31 31 21 1 5 42 38 21 21 0 25 8 12 17 12 27 37 21 13 37 11 35 22 22 31 39 35 40 16 1 21 0 4 39 2 40 35 27 12 8 19 9 12 21 32 30 37 14 41 15 2 21 29 3 0 3 41 19 23 40 17 13 36 2 42 27 32 36 0 30 16 14 12 8 2 0 0 39 16 23 34 8 29 32 39 4 36 12 2 10 9 24 42 40 0 2 34 0 19 7 5 40 2 12 25 19 24 8 42 11 23 2 7 8 4 27 11 18 31 25 7 18 41 25 2 8 10 25 31 2 19 16 26 12 21 10 38 39 21 16 25 37 7 27 33 42 36 38 22 0 18 7 36 25 2 39 12"
17,4,-0.6976,0.9815,0.9462,-0.2753,0.1533,"9 0 21 10 12 0 8 0 12 40 2 3 35 36 26 20 31 22 7 0 39 41 16 2 22 20 11 0 41 41 5 17 32 16 7 1 41 28 33 1 11 39 14 7 3 17 9 5 4 23 32 7 25 12 0 25 3 25 19 15 12 9 12 15 28 0 2 7 28 5 42 13 20 34 0 18 7 2 13 29 27 2 37 21 16 39 32 10 31 41 35 2 33 7 25 42 17 2 20 24 7 29 26 29 18 39 17 39 9 30 7 3 27 23 28 30 19 28 39 25 13 39 12 25 28 29 28 26 39 12 19 19 26 12 23 30 14 29 38 30 36 20 21 1 35 29 19 33 30 19 12 25 26 25 25 0 32 33 28 28 25 29 39 0 27 20 25 12 4 0 12 16 28 25 6 26 33 3 39 11 27 10 30 26 25 28 12 10 30 30 12 8 28 25 41 39 0 39 39 28 35 33 22 12 40 5 5 1 9 2 25 28 28 2 10 12 1 16 38 4 19 18 3 32 33 25 14 2 2 1 2 8 22 3 12 32 42 36 1 5 2 13 25 10 14 7 2 39 34 0 24 20 3 30 25 2 36 31 16 3 2 2 12 17 0 36 37 26 7 15 0 11 12 4 2 26 42 16 19 31 1 28 34 8 3 2 14 40 9 5 25 38 3 38 21 19 36 2 27 34 34 12 14 37 10 32 16 5 39 39 33 22 30 32 37 22 0 39 9 22 40 21 21 22 31 10 22 18 32 12 25 20 39 17 40 22 10 38 4 12 21 12 12 31 31 21 1 5 42 38 21 21 0 25 8 12 17 12 27 37 21 13 37 11 35 22 22 31 39 35 40 16 1 21 0 4 39 2 40 35 27 12 8 19 9 12 21 32 30 37 14 41 15 2 21 29 3 0 3 41 19 23 40 17 13 36 2 42 27 32 36 0 30 16 14 12 8 2 0 0 39 16 23 34 8 29 32 39 4 36 12 2 10 9 24 42 40 0 2 34 0 19 7 5 40 2 12 25 19 24 8 42 11 23 2 7 8 4 27 11 18 31 25 7 18 41 25 2 8 10 25 31 2 19 16 26 12 21 10 38 39 21 16 25 37 7 27 33 42 36 38 22 0 18 7 36 25 2 39 12"
18,4,-0.6976,0.9815,0.9462,-0.2792,0.1448,"9 0 21 10 12 0 8 0 12 40 2 3 35 36 26 20 31 22 7 0 39 41 16 2 22 20 11 0 41 41 5 17 32 16 7 1 41 28 33 1 11 39 14 7 3 17 9 5 4 23 32 7 25 12 0 25 3 25 19 15 12 9 12 15 28 0 2 7 28 5 42 13 20 34 0 18 7 2 13 29 27 2 37 21 16 39 32 10 31 41 35 2 33 7 25 42 17 2 20 24 7 29 26 29 18 39 17 39 9 30 7 3 27 23 28 30 19 28 39 25 13 39 12 25 28 29 28 26 39 12 19 19 26 12 23 30 14 29 38 30 36 20 21 1 35 29 19 33 30 19 12 25 26 25 25 0 32 33 28 28 25 29 39 0 27 20 25 12 4 0 12 16 28 25 6 26 33 3 39 11 27 10 30 26 25 28 12 10 30 30 12 8 28 25 41 39 0 39 39 28 35 33 22 12 40 5 5 1 9 2 25 28 28 2 10 12 1 16 38 4 19 18 3 32 33 25 14 2 2 1 2 8 22 3 12 32 42 36 1 5 2 13 25 10 14 7 2 39 34 0 24 20 3 30 25 2 36 31 16 3 2 2 12 17 0 36 37 26 7 15 0 11 12 4 2 26 42 16 19 31 1 28 34 8 3 2 14 40 9 5 25 38 3 38 21 19 36 2 27 34 34 12 14 37 10 32 16 5 39 39 33 22 30 32 37 22 0 39 9 22 40 21 21 22 31 10 22 18 32 12 25 20 39 17 40 22 10 38 4 12 21 12 12 31 31 21 1 5 42 38 21 21 0 25 8 12 17 12 27 37 21 13 37 11 35 22 22 31 39 35 40 16 1 21 0 4 39 2 40 35 27 12 8 19 9 12 21 32 30 37 14 41 15 2 21 29 3 0 3 41 19 23 40 17 13 36 2 42 27 32 36 0 30 16 14 12 8 2 0 0 39 16 23 34 8 29 32 39 4 36 12 2 10 9 24 42 40 0 2 34 0 19 7 5 40 2 12 25 19 24 8 42 11 23 2 7 8 4 27 11 18 31 25 7 18 41 25 2 8 10 25 31 2 19 16 26 12 21 10 38 39 21 16 25 37 7 27 33 42 36 38 22 0 18 7 36 25 2 39 12"
19,4,-0.6976,0.9815,0.9462,-0.2788,0.1218,"9 0 21 10 12 0 8 0 12 40 2 3 35 36 26 20 31 22 7 0 39 41 16 2 22 20 11 0 41 41 5 17 32 16 7 1 41 28 33 1 11 39 14 7 3 17 9 5 4 23 32 7 25 12 0 25 3 25 19 15 12 9 12 15 28 0 2 7 28 5 42 13 20 34 0 18 7 2 13 29 27 2 37 21 16 39 32 10 31 41 35 2 33 7 25 42 17 2 20 24 7 29 26 29 18 39 17 39 9 30 7 3 27 23 28 30 19 28 39 25 13 39 12 25 28 29 28 26 39 12 19 19 26 12 23 30 14 29 38 30 36 20 21 1 35 29 19 33 30 19 12 25 26 25 25 0 32 33 28 28 25 29 39 0 27 20 25 12 4 0 12 16 28 25 6 26 33 3 39 11 27 10 30 26 25 28 12 10 30 30 12 8 28 25 41 39 0 39 39 28 35 33 22 12 40 5 5 1 9 2 25 28 28 2 10 12 1 16 38 4 19 18 3 32 33 25 14 2 2 1 2 8 22 3 12 32 42 36 1 5 2 13 25 10 14 7 2 39 34 0 24 20 3 30 25 2 36 31 16 3 2 2 12 17 0 36 37 26 7 15 0 11 12 4 2 26 42 16 19 31 1 28 34 8 3 2 14 40 9 5 25 38 3 38 21 19 36 2 27 34 34 12 14 37 10 32 16 5 39 39 33 22 30 32 37 22 0 39 9 22 40 21 21 22 31 10 22 18 32 12 25 20 39 17 40 22 10 38 4 12 21 12 12 31 31 21 1 5 42 38 21 21 0 25 8 12 17 12 27 37 21 13 37 11 35 22 22 31 39 35 40 16 1 21 0 4 39 2 40 35 27 12 8 19 9 12 21 32 30 37 14 41 15 2 21 29 3 0 3 41 19 23 40 17 13 36 2 42 27 32 36 0 30 16 14 12 8 2 0 0 39 16 23 34 8 29 32 39 4 36 12 2 10 9 24 42 40 0 2 34 0 19 7 5 40 2 12 25 19 24 8 42 11 23 2 7 8 4 27 11 18 31 25 7 18 41 25 2 8 10 25 31 2 19 16 26 12 21 10 38 39 21 16 25 37 7 27 33 42 36 38 22 0 18 7 36 25 2 39 12"
20,4,-0.6976,0.9815,0.9462,-0.2723,0.1124,"9 0 21 10 12 0 8 0 12 40 2 3 35 36 26 20 31 22 7 0 39 41 16 2 22 20 11 0 41 41 5 17 32 16 7 1 41 28 33 1 11 39 14 7 3 17 9 5 4 23 32 7 25 12 0 25 3 25 19 15 12 9 12 15 28 0 2 7 28 5 42 13 20 34 0 18 7 2 13 29 27 2 37 21 16 39 32 10 31 41 35 2 33 7 25 42 17 2 20 24 7 29 26 29 18 39 17 39 9 30 7 3 27 23 28 30 19 28 39 25 13 39 12 25 28 29 28 26 39 12 19 19 26 12 23 30 14 29 38 30 36 20 21 1 35 29 19 33 30 19 12 25 26 25 25 0 32 33 28 28 25 29 39 0 27 20 25 12 4 0 12 16 28 25 6 26 33 3 39 11 27 10 30 26 25 28 12 10 30 30 12 8 28 25 41 39 0 39 39 28 35 33 22 12 40 5 5 1 9 2 25 28 28 2 10 12 1 16 38 4 19 18 3 32 33 25 14 2 2 1 2 8 22 3 12 32 42 36 1 5 2 13 25 10 14 7 2 39 34 0 24 20 3 30 25 2 36 31 16 3 2 2 12 17 0 36 37 26 7 15 0 11 12 4 2 26 42 16 19 31 1 28 34 8 3 2 14 40 9 5 25 38 3 38 21 19 36 2 27 34 34 12 14 37 10 32 16 5 39 39 33 22 30 32 37 22 0 39 9 22 40 21 21 22 31 10 22 18 32 12 25 20 39 17 40 22 10 38 4 12 21 12 12 31 31 21 1 5 42 38 21 21 0 25 8 12 17 12 27 37 21 13 37 11 35 22 22 31 39 35 40 16 1 21 0 4 39 2 40 35 27 12 8 19 9 12 21 32 30 37 14 41 15 2 21 29 3 0 3 41 19 23 40 17 13 36 2 42 27 32 36 0 30 16 14 12 8 2 0 0 39 16 23 34 8 29 32 39 4 36 12 2 10 9 24 42 40 0 2 34 0 19 7 5 40 2 12 25 19 24 8 42 11 23 2 7 8 4 27 11 18 31 25 7 18 41 25 2 8 10 25 31 2 19 16 26 12 21 10 38 39 21 16 25 37 7 27 33 42 36 38 22 0 18 7 36 25 2 39 12"
21,4,-0.6976,0.9815,0.9462,-0.2735,0.1424,"9 0 21 10 12 0 8 0 12 40 2 3 35 36 26 20 31 22 7 0 39 41 16 2 22 20 11 0 41 41 5 17 32 16 7 1 41 28 33 1 11 39 14 7 3 17 9 5 4 23 32 7 25 12 0 25 3 25 19 15 12 9 12 15 28 0 2 7 28 5 42 13 20 34 0 18 7 2 13 29 27 2 37 21 16 39 32 10 31 41 35 2 33 7 25 42 17 2 20 24 7 29 26 29 18 39 17 39 9 30 7 3 27 23 28 30 19 28 39 25 13 39 12 25 28 29 28 26 39 12 19 19 26 12 23 30 14 29 38 30 36 20 21 1 35 29 19 33 30 19 12 25 26 25 25 0 32 33 28 28 25 29 39 0 27 20 25 12 4 0 12 16 28 25 6 26 33 3 39 11 27 10 30 26 25 28 12 10 30 30 12 8 28 25 41 39 0 39 39 28 35 33 22 12 40 5 5 1 9 2 25 28 28 2 10 12 1 16 38 4 19 18 3 32 33 25 14 2 2 1 2 8 22 3 12 32 42 36 1 5 2 13 25 10 14 7 2 39 34 0 24 20 3 30 25 2 36 31 16 3 2 2 12 17 0 36 37 26 7 15 0 11 12 4 2 26 42 16 19 31 1 28 34 8 3 2 14 40 9 5 25 38 3 38 21 19 36 2 27 34 34 12 14 37 10 32 16 5 39 39 33 22 30 32 37 22 0 39 9 22 40 21 21 22 31 10 22 18 32 12 25 20 39 17 40 22 10 38 4 12 21 12 12 31 31 21 1 5 42 38 21 21 0 25 8 12 17 12 27 37 21 13 37 11 35 22 22 31 39 35 40 16 1 21 0 4 39 2 40 35 27 12 8 19 9 12 21 32 30 37 14 41 15 2 21 29 3 0 3 41 19 23 40 17 13 36 2 42 27 32 36 0 30 16 14 12 8 2 0 0 39 16 23 34 8 29 32 39 4 36 12 2 10 9 24 42 40 0 2 34 0 19 7 5 40 2 12 25 19 24 8 42 11 23 2 7 8 4 27 11 18 31 25 7 18 41 25 2 8 10 25 31 2 19 16 26 12 21 10 38 39 21 16 25 37 7 27 33 42 36 38 22 0 18 7 36 25 2 39 12"
22,4,-0.6976,0.9815,0.9462,-0.2754,0.1159,"9 0 21 10 12 0 8 0 12 40 2 3 35 36 26 20 31 22 7 0 39 41 16 2 22 20 11 0 41 41 5 17 32 16 7 1 41 28 33 1 11 39 14 7 3 17 9 5 4 23 32 7 25 12 0 25 3 25 19 15 12 9 12 15 28 0 2 7 28 5 42 13 20 34 0 18 7 2 13 29 27 2 37 21 16 39 32 10 31 41 35 2 33 7 25 42 17 2 20 24 7 29 26 29 18 39 17 39 9 30 7 3 27 23 28 30 19 28 39 25 13 39 12 25 28 29 28 26 39 12 19 19 26 12 23 30 14 29 38 30 36 20 21 1 35 29 19 33 30 19 12 25 26 25 25 0 32 33 28 28 25 29 39 0 27 20 25 12 4 0 12 16 28 25 6 26 33 3 39 11 27 10 30 26 25 28 12 10 30 30 12 8 28 25 41 39 0 39 39 28 35 33 22 12 40 5 5 1 9 2 25 28 28 2 10 12 1 16 38 4 19 18 3 32 33 25 14 2 2 1 2 8 22 3 12 32 42 36 1 5 2 13 25 10 14 7 2 39 34 0 24 20 3 30 25 2 36 31 16 3 2 2 12 17 0 36 37 26 7 15 0 11 12 4 2 26 42 16 19 31 1 28 34 8 3 2 14 40 9 5 25 38 3 38 21 19 36 2 27 34 34 12 14 37 10 32 16 5 39 39 33 22 30 32 37 22 0 39 9 22 40 21 21 22 31 10 22 18 32 12 25 20 39 17 40 22 10 38 4 12 21 12 12 31 31 21 1 5 42 38 21 21 0 25 8 12 17 12 27 37 21 13 37 11 35 22 22 31 39 35 40 16 1 21 0 4 39 2 40 35 27 12 8 19 9 12 21 32 30 37 14 41 15 2 21 29 3 0 3 41 19 23 40 17 13 36 2 42 27 32 36 0 30 16 14 12 8 2 0 0 39 16 23 34 8 29 32 39 4 36 12 2 10 9 24 42 40 0 2 34 0 19 7 5 40 2 12 25 19 24 8 42 11 23 2 7 8 4 27 11 18 31 25 7 18 41 25 2 8 10 25 31 2 19 16 26 12 21 10 38 39 21 16 25 37 7 27 33 42 36 38 22 0 18 7 36 25 2 39 12"
23,4,-0.6976,0.9815,0.9462,-0.2752,0.1751,"9 0 21 10 12 0 8 0 12 40 2 3 35 36 26 20 31 22 7 0 39 41 16 2 22 20 11 0 41 41 5 17 32 16 7 1 41 28 33 1 11 39 14 7 3 17 9 5 4 23 32 7 25 12 0 25 3 25 19 15 12 9 12 15 28 0 2 7 28 5 42 13 20 34 0 18 7 2 13 29 27 2 37 21 16 39 32 10 31 41 35 2 33 7 25 42 17 2 20 24 7 29 26 29 18 39 17 39 9 30 7 3 27 23 28 30 19 28 39 25 13 39 12 25 28 29 28 26 39 12 19 19 26 12 23 30 14 29 38 30 36 20 21 1 35 29 19 33 30 19 12 25 26 25 25 0 32 33 28 28 25 29 39 0 27 20 25 12 4 0 12 16 28 25 6 26 33 3 39 11 27 10 30 26 25 28 12 10 30 30 12 8 28 25 41 39 0 39 39 28 35 33 22 12 40 5 5 1 9 2 25 28 28 2 10 12 1 16 38 4 19 18 3 32 33 25 14 2 2 1 2 8 22 3 12 32 42 36 1 5 2 13 25 10 14 7 2 39 34 0 24 20 3 30 25 2 36 31 16 3 2 2 12 17 0 36 37 26 7 15 0 11 12 4 2 26 42 16 19 31 1 28 34 8 3 2 14 40 9 5 25 38 3 38 21 19 36 2 27 34 34 12 14 37 10 32 16 5 39 39 33 22 30 32 37 22 0 39 9 22 40 21 21 22 31 10 22 18 32 12 25 20 39 17 40 22 10 38 4 12 21 12 12 31 31 21 1 5 42 38 21 21 0 25 8 12 17 12 27 37 21 13 37 11 35 22 22 31 39 35 40 16 1 21 0 4 39 2 40 35 27 12 8 19 9 12 21 32 30 37 14 41 15 2 21 29 3 0 3 41 19 23 40 17 13 36 2 42 27 32 36 0 30 16 14 12 8 2 0 0 39 16 23 34 8 29 32 39 4 36 12 2 10 9 24 42 40 0 2 34 0 19 7 5 40 2 12 25 19 24 8 42 11 23 2 7 8 4 27 11 18 31 25 7 18 41 25 2 8 10 25 31 2 19 16 26 12 21 10 38 39 21 16 25 37 7 27 33 42 36 38 22 0 18 7 36 25 2 39 12"
24,4,-0.6976,0.9815,0.9462,-0.2727,0.1212,"9 0 21 10 12 0 8 0 12 40 2 3 35 36 26 20 31 22 7 0 39 41 16 2 22 20 11 0 41 41 5 17 32 16 7 1 41 28 33 1 11 39 14 7 3 17 9 5 4 23 32 7 25 12 0 25 3 25 19 15 12 9 12 15 28 0 2 7 28 5 42 13 20 34 0 18 7 2 13 29 27 2 37 21 16 39 32 10 31 41 35 2 33 7 25 42 17 2 20 24 7 29 26 29 18 39 17 39 9 30 7 3 27 23 28 30 19 28 39 25 13 39 12 25 28 29 28 26 39 12 19 19 26 12 23 30 14 29 38 30 36 20 21 1 35 29 19 33 30 19 12 25 26 25 25 0 32 33 28 28 25 29 39 0 27 20 25 12 4 0 12 16 28 25 6 26 33 3 39 11 27 10 30 26 25 28 12 10 30 30 12 8 28 25 41 39 0 39 39 28 35 33 22 12 40 5 5 1 9 2 25 28 28 2 10 12 1 16 38 4 19 18 3 32 33 25 14 2 2 1 2 8 22 3 12 32 42 36 1 5 2 13 25 10 14 7 2 39 34 0 24 20 3 30 25 2 36 31 16 3 2 2 12 17 0 36 37 26 7 15 0 11 12 4 2 26 42 16 19 31 1 28 34 8 3 2 14 40 9 5 25 38 3 38 21 19 36 2 27 34 34 12 14 37 10 32 16 5 39 39 33 22 30 32 37 22 0 39 9 22 40 21 21 22 31 10 22 18 32 12 25 20 39 17 40 22 10 38 4 12 21 12 12 31 31 21 1 5 42 38 21 21 0 25 8 12 17 12 27 37 21 13 37 11 35 22 22 31 39 35 40 16 1 21 0 4 39 2 40 35 27 12 8 19 9 12 21 32 30 37 14 41 15 2 21 29 3 0 3 41 19 23 40 17 13 36 2 42 27 32 36 0 30 16 14 12 8 2 0 0 39 16 23 34 8 29 32 39 4 36 12 2 10 9 24 42 40 0 2 34 0 19 7 5 40 2 12 25 19 24 8 42 11 23 2 7 8 4 27 11 18 31 25 7 18 41 25 2 8 10 25 31 2 19 16 26 12 21 10 38 39 21 16 25 37 7 27 33 42 36 38 22 0 18 7 36 25 2 39 12"
25,5,-0.6992,0.9804,0.9373,-0.2741,0.1359,"9 0 21 2 12 0 8 0 12 40 2 2 35 36 26 20 2 2 7 0 12 41 16 2 22 20 11 0 41 41 5 17 32 16 7 1 4 28 33 1 11 2 14 7 3 17 9 5 4 23 2 7 25 12 0 25 3 25 19 15 12 9 12 15 28 0 2 7 28 5 42 13 20 34 0 18 7 2 13 29 2 2 37 21 16 39 32 10 31 41 35 2 33 2 25 42 17 2 38 24 36 6 12 29 20 2 27 0 1 19 31 27 28 17 41 12 0 1 20 10 23 2 2 19 12 9 20 19 10 14 18 12 0 2 19 12 19 37 2 40 38 0 9 17 19 13 19 42 20 12 27 42 19 13 3 14 30 20 41 12 12 19 20 41 29 0 20 18 28 42 17 9 19 0 5 28 16 32 0 13 36 2 0 19 39 37 24 35 36 20 21 10 20 20 16 20 42 19 34 15 35 2 22 12 3 11 5 1 9 2 25 10 38 2 10 12 0 16 2 4 19 18 2 32 33 25 2 2 2 1 2 8 9 3 12 2 42 36 12 2 2 0 25 10 14 7 9 39 34 41 24 9 3 2 2 2 11 31 16 3 0 2 12 17 0 36 37 26 7 15 0 11 12 4 2 26 42 16 19 31 10 28 34 8 3 2 14 24 9 5 25 2 3 38 21 11 9 2 27 34 17 7 8 39 39 1 0 24 3 39 2 24 16 4 14 0 28 21 13 33 29 10 16 28 42 33 22 40 30 30 30 7 18 40 1 26 28 3 38 30 12 39 2 17 26 39 12 24 8 11 30 40 13 4 30 39 0 38 28 29 37 1 29 0 0 11 22 29 12 23 23 18 37 0 20 23 8 25 20 3 8 0 2 41 3 34 5 0 28 41 41 4 29 4 29 18 36 5 37 21 19 19 40 12 2 35 2 5 27 36 12 0 2 2 19 12 8 2 0 0 39 16 2 36 8 19 2 39 2 36 12 2 39 9 24 42 12 0 2 34 0 35 7 5 40 19 12 25 20 24 19 2 2 23 2 7 39 4 27 36 18 31 25 19 35 41 25 20 39 10 2 31 2 2 39 26 38 20 10 34 35 21 16 34 37 34 36 19 19 36 38 36 0 34 7 36 25 2 39 12"
26,5,-0.6992,0.9804,0.9373,-0.2747,0.1669,"9 0 21 2 12 0 8 0 12 40 2 2 35 36 26 20 2 2 7 0 12 41 16 2 22 20 11 0 41 41 5 17 32 16 7 1 4 28 33 1 11 2 14 7 3 17 9 5 4 23 2 7 25 12 0 25 3 25 19 15 12 9 12 15 28 0 2 7 28 5 42 13 20 34 0 18 7 2 13 29 2 2 37 21 16 39 32 10 31 41 35 2 33 2 25 42 17 2 38 24 36 6 12 29 20 2 27 0 1 19 31 27 28 17 41 12 0 1 20 10 23 2 2 19 12 9 20 19 10 14 18 12 0 2 19 12 19 37 2 40 38 0 9 17 19 13 19 42 20 12 27 42 19 13 3 14 30 20 41 12 12 19 20 41 29 0 20 18 28 42 17 9 19 0 5 28 16 32 0 13 36 2 0 19 39 37 24 35 36 20 21 10 20 20 16 20 42 19 34 15 35 2 22 12 3 11 5 1 9 2 25 10 38 2 10 12 0 16 2 4 19 18 2 32 33 25 2 2 2 1 2 8 9 3 12 2 42 36 12 2 2 0 25 10 14 7 9 39 34 41 24 9 3 2 2 2 11 31 16 3 0 2 12 17 0 36 37 26 7 15 0 11 12 4 2 26 42 16 19 31 10 28 34 8 3 2 14 24 9 5 25 2 3 38 21 11 9 2 27 34 17 7 8 39 39 1 0 24 3 39 2 24 16 4 14 0 28 21 13 33 29 10 16 28 42 33 22 40 30 30 30 7 18 40 1 26 28 3 38 30 12 39 2 17 26 39 12 24 8 11 30 40 13 4 30 39 0 38 28 29 37 1 29 0 0 11 22 29 12 23 23 18 37 0 20 23 8 25 20 3 8 0 2 41 3 34 5 0 28 41 41 4 29 4 29 18 36 5 37 21 19 19 40 12 2 35 2 5 27 36 12 0 2 2 19 12 8 2 0 0 39 16 2 36 8 19 2 39 2 36 12 2 39 9 24 42 12 0 2 34 0 35 7 5 40 19 12 25 20 24 19 2 2 23 2 7 39 4 27 36 18 31 25 19 35 41 25 20 39 10 2 31 2 2 39 26 38 20 10 34 35 21 16 34 37 34 36 19 19 36 38 36 0 34 7 36 25 2 39 12"
27,5,-0.6992,0.9804,0.9373,-0.2737,0.1596,"9 0 21 2 12 0 8 0 12 40 2 2 35 36 26 20 2 2 7 0 12 41 16 2 22 20 11 0 41 41 5 17 32 16 7 1 4 28 33 1 11 2 14 7 3 17 9 5 4 23 2 7 25 12 0 25 3 25 19 15 12 9 12 15 28 0 2 7 28 5 42 13 20 34 0 18 7 2 13 29 2 2 37 21 16 39 32 10 31 41 35 2 33 2 25 42 17 2 38 24 36 6 12 29 20 2 27 0 1 19 31 27 28 17 41 12 0 1 20 10 23 2 2 19 12 9 20 19 10 14 18 12 0 2 19 12 19 37 2 40 38 0 9 17 19 13 19 42 20 12 27 42 19 13 3 14 30 20 41 12 12 19 20 41 29 0 20 18 28 42 17 9 19 0 5 28 16 32 0 13 36 2 0 19 39 37 24 35 36 20 21 10 20 20 16 20 42 19 34 15 35 2 22 12 3 11 5 1 9 2 25 10 38 2 10 12 0 16 2 4 19 18 2 32 33 25 2 2 2 1 2 8 9 3 12 2 42 36 12 2 2 0 25 10 14 7 9 39 34 41 24 9 3 2 2 2 11 31 16 3 0 2 12 17 0 36 37 26 7 15 0 11 12 4 2 26 42 16 19 31 10 28 34 8 3 2 14 24 9 5 25 2 3 38 21 11 9 2 27 34 17 7 8 39 39 1 0 24 3 39 2 24 16 4 14 0 28 21 13 33 29 10 16 28 42 33 22 40 30 30 30 7 18 40 1 26 28 3 38 30 12 39 2 17 26 39 12 24 8 11 30 40 13 4 30 39 0 38 28 29 37 1 29 0 0 11 22 29 12 23 23 18 37 0 20 23 8 25 20 3 8 0 2 41 3 34 5 0 28 41 41 4 29 4 29 18 36 5 37 21 19 19 40 12 2 35 2 5 27 36 12 0 2 2 19 12 8 2 0 0 39 16 2 36 8 19 2 39 2 36 12 2 39 9 24 42 12 0 2 34 0 35 7 5 40 19 12 25 20 24 19 2 2 23 2 7 39 4 27 36 18 31 25 19 35 41 25 20 39 10 2 31 2 2 39 26 38 20 10 34 35 21 16 34 37 34 36 19 19 36 38 36 0 34 7 36 25 2 39 12"
28,5,-0.6992,0.9804,0.9373,-0.2747,0.1606,"9 0 21 2 12 0 8 0 12 40 2 2 35 36 26 20 2 2 7 0 12 41 16 2 22 20 11 0 41 41 5 17 32 16 7 1 4 28 33 1 11 2 14 7 3 17 9 5 4 23 2 7 25 12 0 25 3 25 19 15 12 9 12 15 28 0 2 7 28 5 42 13 20 34 0 18 7 2 13 29 2 2 37 21 16 39 32 10 31 41 35 2 33 2 25 42 17 2 38 24 36 6 12 29 20 2 27 0 1 19 31 27 28 17 41 12 0 1 20 10 23 2 2 19 12 9 20 19 10 14 18 12 0 2 19 12 19 37 2 40 38 0 9 17 19 13 19 42 20 12 27 42 19 13 3 14 30 20 41 12 12 19 20 41 29 0 20 18 28 42 17 9 19 0 5 28 16 32 0 13 36 2 0 19 39 37 24 35 36 20 21 10 20 20 16 20 42 19 34 15 35 2 22 12 3 11 5 1 9 2 25 10 38 2 10 12 0 16 2 4 19 18 2 32 33 25 2 2 2 1 2 8 9 3 12 2 42 36 12 2 2 0 25 10 14 7 9 39 34 41 24 9 3 2 2 2 11 31 16 3 0 2 12 17 0 36 37 26 7 15 0 11 12 4 2 26 42 16 19 31 10 28 34 8 3 2 14 24 9 5 25 2 3 38 21 11 9 2 27 34 17 7 8 39 39 1 0 24 3 39 2 24 16 4 14 0 28 21 13 33 29 10 16 28 42 33 22 40 30 30 30 7 18 40 1 26 28 3 38 30 12 39 2 17 26 39 12 24 8 11 30 40 13 4 30 39 0 38 28 29 37 1 29 0 0 11 22 29 12 23 23 18 37 0 20 23 8 25 20 3 8 0 2 41 3 34 5 0 28 41 41 4 29 4 29 18 36 5 37 21 19 19 40 12 2 35 2 5 27 36 12 0 2 2 19 12 8 2 0 0 39 16 2 36 8 19 2 39 2 36 12 2 39 9 24 42 12 0 2 34 0 35 7 5 40 19 12 25 20 24 19 2 2 23 2 7 39 4 27 36 18 31 25 19 35 41 25 20 39 10 2 31 2 2 39 26 38 20 10 34 35 21 16 34 37 34 36 19 19 36 38 36 0 34 7 36 25 2 39 12"
29,5,-0.6992,0.9804,0.9373,-0.2740,0.1628,"9 0 21 2 12 0 8 0 12 40 2 2 35 36 26 20 2 2 7 0 12 41 16 2 22 20 11 0 41 41 5 17 32 16 7 1 4 28 33 1 11 2 14 7 3 17 9 5 4 23 2 7 25 12 0 25 3 25 19 15 12 9 12 15 28 0 2 7 28 5 42 13 20 34 0 18 7 2 13 29 2 2 37 21 16 39 32 10 31 41 35 2 33 2 25 42 17 2 38 24 36 6 12 29 20 2 27 0 1 19 31 27 28 17 41 12 0 1 20 10 23 2 2 19 12 9 20 19 10 14 18 12 0 2 19 12 19 37 2 40 38 0 9 17 19 13 19 42 20 12 27 42 19 13 3 14 30 20 41 12 12 19 20 41 29 0 20 18 28 42 17 9 19 0 5 28 16 32 0 13 36 2 0 19 39 37 24 35 36 20 21 10 20 20 16 20 42 19 34 15 35 2 22 12 3 11 5 1 9 2 25 10 38 2 10 12 0 16 2 4 19 18 2 32 33 25 2 2 2 1 2 8 9 3 12 2 42 36 12 2 2 0 25 10 14 7 9 39 34 41 24 9 3 2 2 2 11 31 16 3 0 2 12 17 0 36 37 26 7 15 0 11 12 4 2 26 42 16 19 31 10 28 34 8 3 2 14 24 9 5 25 2 3 38 21 11 9 2 27 34 17 7 8 39 39 1 0 24 3 39 2 24 16 4 14 0 28 21 13 33 29 10 16 28 42 33 22 40 30 30 30 7 18 40 1 26 28 3 38 30 12 39 2 17 26 39 12 24 8 11 30 40 13 4 30 39 0 38 28 29 37 1 29 0 0 11 22 29 12 23 23 18 37 0 20 23 8 25 20 3 8 0 2 41 3 34 5 0 28 41 41 4 29 4 29 18 36 5 37 21 19 19 40 12 2 35 2 5 27 36 12 0 2 2 19 12 8 2 0 0 39 16 2 36 8 19 2 39 2 36 12 2 39 9 24 42 12 0 2 34 0 35 7 5 40 19 12 25 20 24 19 2 2 23 2 7 39 4 27 36 18 31 25 19 35 41 25 20 39 10 2 31 2 2 39 26 38 20 10 34 35 21 16 34 37 34 36 19 19 36 38 36 0 34 7 36 25 2 39 12"
30,5,-0.6992,0.9804,0.9373,-0.2727,0.1853,"9 0 21 2 12 0 8 0 12 40 2 2 35 36 26 20 2 2 7 0 12 41 16 2 22 20 11 0 41 41 5 17 32 16 7 1 4 28 33 1 11 2 14 7 3 17 9 5 4 23 2 7 25 12 0 25 3 25 19 15 12 9 12 15 28 0 2 7 28 5 42 13 20 34 0 18 7 2 13 29 2 2 37 21 16 39 32 10 31 41 35 2 33 2 25 42 17 2 38 24 36 6 12 29 20 2 27 0 1 19 31 27 28 17 41 12 0 1 20 10 23 2 2 19 12 9 20 19 10 14 18 12 0 2 19 12 19 37 2 40 38 0 9 17 19 13 19 42 20 12 27 42 19 13 3 14 30 20 41 12 12 19 20 41 29 0 20 18 28 42 17 9 19 0 5 28 16 32 0 13 36 2 0 19 39 37 24 35 36 20 21 10 20 20 16 20 42 19 34 15 35 2 22 12 3 11 5 1 9 2 25 10 38 2 10 12 0 16 2 4 19 18 2 32 33 25 2 2 2 1 2 8 9 3 12 2 42 36 12 2 2 0 25 10 14 7 9 39 34 41 24 9 3 2 2 2 11 31 16 3 0 2 12 17 0 36 37 26 7 15 0 11 12 4 2 26 42 16 19 31 10 28 34 8 3 2 14 24 9 5 25 2 3 38 21 11 9 2 27 34 17 7 8 39 39 1 0 24 3 39 2 24 16 4 14 0 28 21 13 33 29 10 16 28 42 33 22 40 30 30 30 7 18 40 1 26 28 3 38 30 12 39 2 17 26 39 12 24 8 11 30 40 13 4 30 39 0 38 28 29 37 1 29 0 0 11 22 29 12 23 23 18 37 0 20 23 8 25 20 3 8 0 2 41 3 34 5 0 28 41 41 4 29 4 29 18 36 5 37 21 19 19 40 12 2 35 2 5 27 36 12 0 2 2 19 12 8 2 0 0 39 16 2 36 8 19 2 39 2 36 12 2 39 9 24 42 12 0 2 34 0 35 7 5 40 19 12 25 20 24 19 2 2 23 2 7 39 4 27 36 18 31 25 19 35 41 25 20 39 10 2 31 2 2 39 26 38 20 10 34 35 21 16 34 37 34 36 19 19 36 38 36 0 34 7 36 25 2 39 12"
31,5,-0.6992,0.9804,0.9373,-0.2740,0.1572,"9 0 21 2 12 0 8 0 12 40 2 2 35 36 26 20 2 2 7 0 12 41 16 2 22 20 11 0 41 41 5 17 32 16 7 1 4 28 33 1 11 2 14 7 3 17 9 5 4 23 2 7 25 12 0 25 3 25 19 15 12 9 12 15 28 0 2 7 28 5 42 13 20 34 0 18 7 2 13 29 2 2 37 21 16 39 32 10 31 41 35 2 33 2 25 42 17 2 38 24 36 6 12 29 20 2 27 0 1 19 31 27 28 17 41 12 0 1 20 10 23 2 2 19 12 9 20 19 10 14 18 12 0 2 19 12 19 37 2 40 38 0 9 17 19 13 19 42 20 12 27 42 19 13 3 14 30 20 41 12 12 19 20 41 29 0 20 18 28 42 17 9 19 0 5 28 16 32 0 13 36 2 0 19 39 37 24 35 36 20 21 10 20 20 16 20 42 19 34 15 35 2 22 12 3 11 5 1 9 2 25 10 38 2 10 12 0 16 2 4 19 18 2 32 33 25 2 2 2 1 2 8 9 3 12 2 42 36 12 2 2 0 25 10 14 7 9 39 34 41 24 9 3 2 2 2 11 31 16 3 0 2 12 17 0 36 37 26 7 15 0 11 12 4 2 26 42 16 19 31 10 28 34 8 3 2 14 24 9 5 25 2 3 38 21 11 9 2 27 34 17 7 8 39 39 1 0 24 3 39 2 24 16 4 14 0 28 21 13 33 29 10 16 28 42 33 22 40 30 30 30 7 18 40 1 26 28 3 38 30 12 39 2 17 26 39 12 24 8 11 30 40 13 4 30 39 0 38 28 29 37 1 29 0 0 11 22 29 12 23 23 18 37 0 20 23 8 25 20 3 8 0 2 41 3 34 5 0 28 41 41 4 29 4 29 18 36 5 37 21 19 19 40 12 2 35 2 5 27 36 12 0 2 2 19 12 8 2 0 0 39 16 2 36 8 19 2 39 2 36 12 2 39 9 24 42 12 0 2 34 0 35 7 5 40 19 12 25 20 24 19 2 2 23 2 7 39 4 27 36 18 31 25 19 35 41 25 20 39 10 2 31 2 2 39 26 38 20 10 34 35 21 16 34 37 34 36 19 19 36 38 36 0 34 7 36 25 2 39 12"
32,5,-0.6992,0.9804,0.9373,-0.2749,0.1540,"9 0 21 2 12 0 8 0 12 40 2 2 35 36 26 20 2 2 7 0 12 41 16 2 22 20 11 0 41 41 5 17 32 16 7 1 4 28 33 1 11 2 14 7 3 17 9 5 4 23 2 7 25 12 0 25 3 25 19 15 12 9 12 15 28 0 2 7 28 5 42 13 20 34 0 18 7 2 13 29 2 2 37 21 16 39 32 10 31 41 35 2 33 2 25 42 17 2 38 24 36 6 12 29 20 2 27 0 1 19 31 27 28 17 41 12 0 1 20 10 23 2 2 19 12 9 20 19 10 14 18 12 0 2 19 12 19 37 2 40 38 0 9 17 19 13 19 42 20 12 27 42 19 13 3 14 30 20 41 12 12 19 20 41 29 0 20 18 28 42 17 9 19 0 5 28 16 32 0 13 36 2 0 19 39 37 24 35 36 20 21 10 20 20 16 20 42 19 34 15 35 2 22 12 3 11 5 1 9 2 25 10 38 2 10 12 0 16 2 4 19 18 2 32 33 25 2 2 2 1 2 8 9 3 12 2 42 36 12 2 2 0 25 10 14 7 9 39 34 41 24 9 3 2 2 2 11 31 16 3 0 2 12 17 0 36 37 26 7 15 0 11 12 4 2 26 42 16 19 31 10 28 34 8 3 2 14 24 9 5 25 2 3 38 21 11 9 2 27 34 17 7 8 39 39 1 0 24 3 39 2 24 16 4 14 0 28 21 13 33 29 10 16 28 42 33 22 40 30 30 30 7 18 40 1 26 28 3 38 30 12 39 2 17 26 39 12 24 8 11 30 40 13 4 30 39 0 38 28 29 37 1 29 0 0 11 22 29 12 23 23 18 37 0 20 23 8 25 20 3 8 0 2 41 3 34 5 0 28 41 41 4 29 4 29 18 36 5 37 21 19 19 40 12 2 35 2 5 27 36 12 0 2 2 19 12 8 2 0 0 39 16 2 36 8 19 2 39 2 36 12 2 39 9 24 42 12 0 2 34 0 35 7 5 40 19 12 25 20 24 19 2 2 23 2 7 39 4 27 36 18 31 25 19 35 41 25 20 39 10 2 31 2 2 39 26 38 20 10 34 35 21 16 34 37 34 36 19 19 36 38 36 0 34 7 36 25 2 39 12"
33,5,-0.6992,0.9804,0.9373,-0.2753,0.1657,"9 0 21 2 12 0 8 0 12 40 2 2 35 36 26 20 2 2 7 0 12 41 16 2 22 20 11 0 41 41 5 17 32 16 7 1 4 28 33 1 11 2 14 7 3 17 9 5 4 23 2 7 25 12 0 25 3 25 19 15 12 9 12 15 28 0 2 7 28 5 42 13 20 34 0 18 7 2 13 29 2 2 37 21 16 39 32 10 31 41 35 2 33 2 25 42 17 2 38 24 36 6 12 29 20 2 27 0 1 19 31 27 28 17 41 12 0 1 20 10 23 2 2 19 12 9 20 19 10 14 18 12 0 2 19 12 19 37 2 40 38 0 9 17 19 13 19 42 20 12 27 42 19 13 3 14 30 20 41 12 12 19 20 41 29 0 20 18 28 42 17 9 19 0 5 28 16 32 0 13 36 2 0 19 39 37 24 35 36 20 21 10 20 20 16 20 42 19 34 15 35 2 22 12 3 11 5 1 9 2 25 10 38 2 10 12 0 16 2 4 19 18 2 32 33 25 2 2 2 1 2 8 9 3 12 2 42 36 12 2 2 0 25 10 14 7 9 39 34 41 24 9 3 2 2 2 11 31 16 3 0 2 12 17 0 36 37 26 7 15 0 11 12 4 2 26 42 16 19 31 10 28 34 8 3 2 14 24 9 5 25 2 3 38 21 11 9 2 27 34 17 7 8 39 39 1 0 24 3 39 2 24 16 4 14 0 28 21 13 33 29 10 16 28 42 33 22 40 30 30 30 7 18 40 1 26 28 3 38 30 12 39 2 17 26 39 12 24 8 11 30 40 13 4 30 39 0 38 28 29 37 1 29 0 0 11 22 29 12 23 23 18 37 0 20 23 8 25 20 3 8 0 2 41 3 34 5 0 28 41 41 4 29 4 29 18 36 5 37 21 19 19 40 12 2 35 2 5 27 36 12 0 2 2 19 12 8 2 0 0 39 16 2 36 8 19 2 39 2 36 12 2 39 9 24 42 12 0 2 34 0 35 7 5 40 19 12 25 20 24 19 2 2 23 2 7 39 4 27 36 18 31 25 19 35 41 25 20 39 10 2 31 2 2 39 26 38 20 10 34 35 21 16 34 37 34 36 19 19 36 38 36 0 34 7 36 25 2 39 12"
34,5,-0.6992,0.9804,0.9373,-0.2762,0.1680,"9 0 21 2 12 0 8 0 12 40 2 2 35 36 26 20 2 2 7 0 12 41 16 2 22 20 11 0 41 41 5 17 32 16 7 1 4 28 33 1 11 2 14 7 3 17 9 5 4 23 2 7 25 12 0 25 3 25 19 15 12 9 12 15 28 0 2 7 28 5 42 13 20 34 0 18 7 2 13 29 2 2 37 21 16 39 32 10 31 41 35 2 33 2 25 42 17 2 38 24 36 6 12 29 20 2 27 0 1 19 31 27 28 17 41 12 0 1 20 10 23 2 2 19 12 9 20 19 10 14 18 12 0 2 19 12 19 37 2 40 38 0 9 17 19 13 19 42 20 12 27 42 19 13 3 14 30 20 41 12 12 19 20 41 29 0 20 18 28 42 17 9 19 0 5 28 16 32 0 13 36 2 0 19 39 37 24 35 36 20 21 10 20 20 16 20 42 19 34 15 35 2 22 12 3 11 5 1 9 2 25 10 38 2 10 12 0 16 2 4 19 18 2 32 33 25 2 2 2 1 2 8 9 3 12 2 42 36 12 2 2 0 25 10 14 7 9 39 34 41 24 9 3 2 2 2 11 31 16 3 0 2 12 17 0 36 37 26 7 15 0 11 12 4 2 26 42 16 19 31 10 28 34 8 3 2 14 24 9 5 25 2 3 38 21 11 9 2 27 34 17 7 8 39 39 1 0 24 3 39 2 24 16 4 14 0 28 21 13 33 29 10 16 28 42 33 22 40 30 30 30 7 18 40 1 26 28 3 38 30 12 39 2 17 26 39 12 24 8 11 30 40 13 4 30 39 0 38 28 29 37 1 29 0 0 11 22 29 12 23 23 18 37 0 20 23 8 25 20 3 8 0 2 41 3 34 5 0 28 41 41 4 29 4 29 18 36 5 37 21 19 19 40 12 2 35 2 5 27 36 12 0 2 2 19 12 8 2 0 0 39 16 2 36 8 19 2 39 2 36 12 2 39 9 24 42 12 0 2 34 0 35 7 5 40 19 12 25 20 24 19 2 2 23 2 7 39 4 27 36 18 31 25 19 35 41 25 20 39 10 2 31 2 2 39 26 38 20 10 34 35 21 16 34 37 34 36 19 19 36 38 36 0 34 7 36 25 2 39 12"
35,5,-0.6992,0.9804,0.9373,-0.2757,0.1758,"9 0 21 2 12 0 8 0 12 40 2 2 35 36 26 20 2 2 7 0 12 41 16 2 22 20 11 0 41 41 5 17 32 16 7 1 4 28 33 1 11 2 14 7 3 17 9 5 4 23 2 7 25 12 0 25 3 25 19 15 12 9 12 15 28 0 2 7 28 5 42 13 20 34 0 18 7 2 13 29 2 2 37 21 16 39 32 10 31 41 35 2 33 2 25 42 17 2 38 24 36 6 12 29 20 2 27 0 1 19 31 27 28 17 41 12 0 1 20 10 23 2 2 19 12 9 20 19 10 14 18 12 0 2 19 12 19 37 2 40 38 0 9 17 19 13 19 42 20 12 27 42 19 13 3 14 30 20 41 12 12 19 20 41 29 0 20 18 28 42 17 9 19 0 5 28 16 32 0 13 36 2 0 19 39 37 24 35 36 20 21 10 20 20 16 20 42 19 34 15 35 2 22 12 3 11 5 1 9 2 25 10 38 2 10 12 0 16 2 4 19 18 2 32 33 25 2 2 2 1 2 8 9 3 12 2 42 36 12 2 2 0 25 10 14 7 9 39 34 41 24 9 3 2 2 2 11 31 16 3 0 2 12 17 0 36 37 26 7 15 0 11 12 4 2 26 42 16 19 31 10 28 34 8 3 2 14 24 9 5 25 2 3 38 21 11 9 2 27 34 17 7 8 39 39 1 0 24 3 39 2 24 16 4 14 0 28 21 13 33 29 10 16 28 42 33 22 40 30 30 30 7 18 40 1 26 28 3 38 30 12 39 2 17 26 39 12 24 8 11 30 40 13 4 30 39 0 38 28 29 37 1 29 0 0 11 22 29 12 23 23 18 37 0 20 23 8 25 20 3 8 0 2 41 3 34 5 0 28 41 41 4 29 4 29 18 36 5 37 21 19 19 40 12 2 35 2 5 27 36 12 0 2 2 19 12 8 2 0 0 39 16 2 36 8 19 2 39 2 36 12 2 39 9 24 42 12 0 2 34 0 35 7 5 40 19 12 25 20 24 19 2 2 23 2 7 39 4 27 36 18 31 25 19 35 41 25 20 39 10 2 31 2 2 39 26 38 20 10 34 35 21 16 34 37 34 36 19 19 36 38 36 0 34 7 36 25 2 39 12"
36,5,-0.6992,0.9804,0.9373,-0.2757,0.1648,"9 0 21 2 12 0 8 0 12 40 2 2 35 36 26 20 2 2 7 0 12 41 16 2 22 20 11 0 41 41 5 17 32 16 7 1 4 28 33 1 11 2 14 7 3 17 9 5 4 23 2 7 25 12 0 25 3 25 19 15 12 9 12 15 28 0 2 7 28 5 42 13 20 34 0 18 7 2 13 29 2 2 37 21 16 39 32 10 31 41 35 2 33 2 25 42 17 2 38 24 36 6 12 29 20 2 27 0 1 19 31 27 28 17 41 12 0 1 20 10 23 2 2 19 12 9 20 19 10 14 18 12 0 2 19 12 19 37 2 40 38 0 9 17 19 13 19 42 20 12 27 42 19 13 3 14 30 20 41 12 12 19 20 41 29 0 20 18 28 42 17 9 19 0 5 28 16 32 0 13 36 2 0 19 39 37 24 35 36 20 21 10 20 20 16 20 42 19 34 15 35 2 22 12 3 11 5 1 9 2 25 10 38 2 10 12 0 16 2 4 19 18 2 32 33 25 2 2 2 1 2 8 9 3 12 2 42 36 12 2 2 0 25 10 14 7 9 39 34 41 24 9 3 2 2 2 11 31 16 3 0 2 12 17 0 36 37 26 7 15 0 11 12 4 2 26 42 16 19 31 10 28 34 8 3 2 14 24 9 5 25 2 3 38 21 11 9 2 27 34 17 7 8 39 39 1 0 24 3 39 2 24 16 4 14 0 28 21 13 33 29 10 16 28 42 33 22 40 30 30 30 7 18 40 1 26 28 3 38 30 12 39 2 17 26 39 12 24 8 11 30 40 13 4 30 39 0 38 28 29 37 1 29 0 0 11 22 29 12 23 23 18 37 0 20 23 8 25 20 3 8 0 2 41 3 34 5 0 28 41 41 4 29 4 29 18 36 5 37 21 19 19 40 12 2 35 2 5 27 36 12 0 2 2 19 12 8 2 0 0 39 16 2 36 8 19 2 39 2 36 12 2 39 9 24 42 12 0 2 34 0 35 7 5 40 19 12 25 20 24 19 2 2 23 2 7 39 4 27 36 18 31 25 19 35 41 25 20 39 10 2 31 2 2 39 26 38 20 10 34 35 21 16 34 37 34 36 19 19 36 38 36 0 34 7 36 25 2 39 12"
37,5,-0.6992,0.9804,0.9373,-0.2706,0.1548,"9 0 21 2 12 0 8 0 12 40 2 2 35 36 26 20 2 2 7 0 12 41 16 2 22 20 11 0 41 41 5 17 32 16 7 1 4 28 33 1 11 2 14 7 3 17 9 5 4 23 2 7 25 12 0 25 3 25 19 15 12 9 12 15 28 0 2 7 28 5 42 13 20 34 0 18 7 2 13 29 2 2 37 21 16 39 32 10 31 41 35 2 33 2 25 42 17 2 38 24 36 6 12 29 20 2 27 0 1 19 31 27 28 17 41 12 0 1 20 10 23 2 2 19 12 9 20 19 10 14 18 12 0 2 19 12 19 37 2 40 38 0 9 17 19 13 19 42 20 12 27 42 19 13 3 14 30 20 41 12 12 19 20 41 29 0 20 18 28 42 17 9 19 0 5 28 16 32 0 13 36 2 0 19 39 37 24 35 36 20 21 10 20 20 16 20 42 19 34 15 35 2 22 12 3 11 5 1 9 2 25 10 38 2 10 12 0 16 2 4 19 18 2 32 33 25 2 2 2 1 2 8 9 3 12 2 42 36 12 2 2 0 25 10 14 7 9 39 34 41 24 9 3 2 2 2 11 31 16 3 0 2 12 17 0 36 37 26 7 15 0 11 12 4 2 26 42 16 19 31 10 28 34 8 3 2 14 24 9 5 25 2 3 38 21 11 9 2 27 34 17 7 8 39 39 1 0 24 3 39 2 24 16 4 14 0 28 21 13 33 29 10 16 28 42 33 22 40 30 30 30 7 18 40 1 26 28 3 38 30 12 39 2 17 26 39 12 24 8 11 30 40 13 4 30 39 0 38 28 29 37 1 29 0 0 11 22 29 12 23 23 18 37 0 20 23 8 25 20 3 8 0 2 41 3 34 5 0 28 41 41 4 29 4 29 18 36 5 37 21 19 19 40 12 2 35 2 5 27 36 12 0 2 2 19 12 8 2 0 0 39 16 2 36 8 19 2 39 2 36 12 2 39 9 24 42 12 0 2 34 0 35 7 5 40 19 12 25 20 24 19 2 2 23 2 7 39 4 27 36 18 31 25 19 35 41 25 20 39 10 2 31 2 2 39 26 38 20 10 34 35 21 16 34 37 34 36 19 19 36 38 36 0 34 7 36 25 2 39 12"
38,5,-0.6992,0.9804,0.9373,-0.2733,0.1614,"9 0 21 2 12 0 8 0 12 40 2 2 35 36 26 20 2 2 7 0 12 41 16 2 22 20 11 0 41 41 5 17 32 16 7 1 4 28 33 1 11 2 14 7 3 17 9 5 4 23 2 7 25 12 0 25 3 25 19 15 12 9 12 15 28 0 2 7 28 5 42 13 20 34 0 18 7 2 13 29 2 2 37 21 16 39 32 10 31 41 35 2 33 2 25 42 17 2 38 24 36 6 12 29 20 2 27 0 1 19 31 27 28 17 41 12 0 1 20 10 23 2 2 19 12 9 20 19 10 14 18 12 0 2 19 12 19 37 2 40 38 0 9 17 19 13 19 42 20 12 27 42 19 13 3 14 30 20 41 12 12 19 20 41 29 0 20 18 28 42 17 9 19 0 5 28 16 32 0 13 36 2 0 19 39 37 24 35 36 20 21 10 20 20 16 20 42 19 34 15 35 2 22 12 3 11 5 1 9 2 25 10 38 2 10 12 0 16 2 4 19 18 2 32 33 25 2 2 2 1 2 8 9 3 12 2 42 36 12 2 2 0 25 10 14 7 9 39 34 41 24 9 3 2 2 2 11 31 16 3 0 2 12 17 0 36 37 26 7 15 0 11 12 4 2 26 42 16 19 31 10 28 34 8 3 2 14 24 9 5 25 2 3 38 21 11 9 2 27 34 17 7 8 39 39 1 0 24 3 39 2 24 16 4 14 0 28 21 13 33 29 10 16 28 42 33 22 40 30 30 30 7 18 40 1 26 28 3 38 30 12 39 2 17 26 39 12 24 8 11 30 40 13 4 30 39 0 38 28 29 37 1 29 0 0 11 22 29 12 23 23 18 37 0 20 23 8 25 20 3 8 0 2 41 3 34 5 0 28 41 41 4 29 4 29 18 36 5 37 21 19 19 40 12 2 35 2 5 27 36 12 0 2 2 19 12 8 2 0 0 39 16 2 36 8 19 2 39 2 36 12 2 39 9 24 42 12 0 2 34 0 35 7 5 40 19 12 25 20 24 19 2 2 23 2 7 39 4 27 36 18 31 25 19 35 41 25 20 39 10 2 31 2 2 39 26 38 20 10 34 35 21 16 34 37 34 36 19 19 36 38 36 0 34 7 36 25 2 39 12"
39,5,-0.6992,0.9804,0.9373,-0.2740,0.1482,"9 0 21 2 12 0 8 0 12 40 2 2 35 36 26 20 2 2 7 0 12 41 16 2 22 20 11 0 41 41 5 17 32 16 7 1 4 28 33 1 11 2 14 7 3 17 9 5 4 23 2 7 25 12 0 25 3 25 19 15 12 9 12 15 28 0 2 7 28 5 42 13 20 34 0 18 7 2 13 29 2 2 37 21 16 39 32 10 31 41 35 2 33 2 25 42 17 2 38 24 36 6 12 29 20 2 27 0 1 19 31 27 28 17 41 12 0 1 20 10 23 2 2 19 12 9 20 19 10 14 18 12 0 2 19 12 19 37 2 40 38 0 9 17 19 13 19 42 20 12 27 42 19 13 3 14 30 20 41 12 12 19 20 41 29 0 20 18 28 42 17 9 19 0 5 28 16 32 0 13 36 2 0 19 39 37 24 35 36 20 21 10 20 20 16 20 42 19 34 15 35 2 22 12 3 11 5 1 9 2 25 10 38 2 10 12 0 16 2 4 19 18 2 32 33 25 2 2 2 1 2 8 9 3 12 2 42 36 12 2 2 0 25 10 14 7 9 39 34 41 24 9 3 2 2 2 11 31 16 3 0 2 12 17 0 36 37 26 7 15 0 11 12 4 2 26 42 16 19 31 10 28 34 8 3 2 14 24 9 5 25 2 3 38 21 11 9 2 27 34 17 7 8 39 39 1 0 24 3 39 2 24 16 4 14 0 28 21 13 33 29 10 16 28 42 33 22 40 30 30 30 7 18 40 1 26 28 3 38 30 12 39 2 17 26 39 12 24 8 11 30 40 13 4 30 39 0 38 28 29 37 1 29 0 0 11 22 29 12 23 23 18 37 0 20 23 8 25 20 3 8 0 2 41 3 34 5 0 28 41 41 4 29 4 29 18 36 5 37 21 19 19 40 12 2 35 2 5 27 36 12 0 2 2 19 12 8 2 0 0 39 16 2 36 8 19 2 39 2 36 12 2 39 9 24 42 12 0 2 34 0 35 7 5 40 19 12 25 20 24 19 2 2 23 2 7 39 4 27 36 18 31 25 19 35 41 25 20 39 10 2 31 2 2 39 26 38 20 10 34 35 21 16 34 37 34 36 19 19 36 38 36 0 34 7 36 25 2 39 12"
40,5,-0.6992,0.9804,0.9373,-0.2725,0.1696,"9 0 21 2 12 0 8 0 12 40 2 2 35 36 26 20 2 2 7 0 12 41 16 2 22 20 11 0 41 41 5 17 32 16 7 1 4 28 33 1 11 2 14 7 3 17 9 5 4 23 2 7 25 12 0 25 3 25 19 15 12 9 12 15 28 0 2 7 28 5 42 13 20 34 0 18 7 2 13 29 2 2 37 21 16 39 32 10 31 41 35 2 33 2 25 42 17 2 38 24 36 6 12 29 20 2 27 0 1 19 31 27 28 17 41 12 0 1 20 10 23 2 2 19 12 9 20 19 10 14 18 12 0 2 19 12 19 37 2 40 38 0 9 17 19 13 19 42 20 12 27 42 19 13 3 14 30 20 41 12 12 19 20 41 29 0 20 18 28 42 17 9 19 0 5 28 16 32 0 13 36 2 0 19 39 37 24 35 36 20 21 10 20 20 16 20 42 19 34 15 35 2 22 12 3 11 5 1 9 2 25 10 38 2 10 12 0 16 2 4 19 18 2 32 33 25 2 2 2 1 2 8 9 3 12 2 42 36 12 2 2 0 25 10 14 7 9 39 34 41 24 9 3 2 2 2 11 31 16 3 0 2 12 17 0 36 37 26 7 15 0 11 12 4 2 26 42 16 19 31 10 28 34 8 3 2 14 24 9 5 25 2 3 38 21 11 9 2 27 34 17 7 8 39 39 1 0 24 3 39 2 24 16 4 14 0 28 21 13 33 29 10 16 28 42 33 22 40 30 30 30 7 18 40 1 26 28 3 38 30 12 39 2 17 26 39 12 24 8 11 30 40 13 4 30 39 0 38 28 29 37 1 29 0 0 11 22 29 12 23 23 18 37 0 20 23 8 25 20 3 8 0 2 41 3 34 5 0 28 41 41 4 29 4 29 18 36 5 37 21 19 19 40 12 2 35 2 5 27 36 12 0 2 2 19 12 8 2 0 0 39 16 2 36 8 19 2 39 2 36 12 2 39 9 24 42 12 0 2 34 0 35 7 5 40 19 12 25 20 24 19 2 2 23 2 7 39 4 27 36 18 31 25 19 35 41 25 20 39 10 2 31 2 2 39 26 38 20 10 34 35 21 16 34 37 34 36 19 19 36 38 36 0 34 7 36 25 2 39 12"
41,5,-0.6992,0.9804,0.9373,-0.2758,0.1839,"9 0 21 2 12 0 8 0 12 40 2 2 35 36 26 20 2 2 7 0 12 41 16 2 22 20 11 0 41 41 5 17 32 16 7 1 4 28 33 1 11 2 14 7 3 17 9 5 4 23 2 7 25 12 0 25 3 25 19 15 12 9 12 15 28 0 2 7 28 5 42 13 20 34 0 18 7 2 13 29 2 2 37 21 16 39 32 10 31 41 35 2 33 2 25 42 17 2 38 24 36 6 12 29 20 2 27 0 1 19 31 27 28 17 41 12 0 1 20 10 23 2 2 19 12 9 20 19 10 14 18 12 0 2 19 12 19 37 2 40 38 0 9 17 19 13 19 42 20 12 27 42 19 13 3 14 30 20 41 12 12 19 20 41 29 0 20 18 28 42 17 9 19 0 5 28 16 32 0 13 36 2 0 19 39 37 24 35 36 20 21 10 20 20 16 20 42 19 34 15 35 2 22 12 3 11 5 1 9 2 25 10 38 2 10 12 0 16 2 4 19 18 2 32 33 25 2 2 2 1 2 8 9 3 12 2 42 36 12 2 2 0 25 10 14 7 9 39 34 41 24 9 3 2 2 2 11 31 16 3 0 2 12 17 0 36 37 26 7 15 0 11 12 4 2 26 42 16 19 31 10 28 34 8 3 2 14 24 9 5 25 2 3 38 21 11 9 2 27 34 17 7 8 39 39 1 0 24 3 39 2 24 16 4 14 0 28 21 13 33 29 10 16 28 42 33 22 40 30 30 30 7 18 40 1 26 28 3 38 30 12 39 2 17 26 39 12 24 8 11 30 40 13 4 30 39 0 38 28 29 37 1 29 0 0 11 22 29 12 23 23 18 37 0 20 23 8 25 20 3 8 0 2 41 3 34 5 0 28 41 41 4 29 4 29 18 36 5 37 21 19 19 40 12 2 35 2 5 27 36 12 0 2 2 19 12 8 2 0 0 39 16 2 36 8 19 2 39 2 36 12 2 39 9 24 42 12 0 2 34 0 35 7 5 40 19 12 25 20 24 19 2 2 23 2 7 39 4 27 36 18 31 25 19 35 41 25 20 39 10 2 31 2 2 39 26 38 20 10 34 35 21 16 34 37 34 36 19 19 36 38 36 0 34 7 36 25 2 39 12"
42,5,-0.6992,0.9804,0.9373,-0.2701,0.1485,"9 0 21 2 12 0 8 0 12 40 2 2 35 36 26 20 2 2 7 0 12 41 16 2 22 20 11 0 41 41 5 17 32 16 7 1 4 28 33 1 11 2 14 7 3 17 9 5 4 23 2 7 25 12 0 25 3 25 19 15 12 9 12 15 28 0 2 7 28 5 42 13 20 34 0 18 7 2 13 29 2 2 37 21 16 39 32 10 31 41 35 2 33 2 25 42 17 2 38 24 36 6 12 29 20 2 27 0 1 19 31 27 28 17 41 12 0 1 20 10 23 2 2 19 12 9 20 19 10 14 18 12 0 2 19 12 19 37 2 40 38 0 9 17 19 13 19 42 20 12 27 42 19 13 3 14 30 20 41 12 12 19 20 41 29 0 20 18 28 42 17 9 19 0 5 28 16 32 0 13 36 2 0 19 39 37 24 35 36 20 21 10 20 20 16 20 42 19 34 15 35 2 22 12 3 11 5 1 9 2 25 10 38 2 10 12 0 16 2 4 19 18 2 32 33 25 2 2 2 1 2 8 9 3 12 2 42 36 12 2 2 0 25 10 14 7 9 39 34 41 24 9 3 2 2 2 11 31 16 3 0 2 12 17 0 36 37 26 7 15 0 11 12 4 2 26 42 16 19 31 10 28 34 8 3 2 14 24 9 5 25 2 3 38 21 11 9 2 27 34 17 7 8 39 39 1 0 24 3 39 2 24 16 4 14 0 28 21 13 33 29 10 16 28 42 33 22 40 30 30 30 7 18 40 1 26 28 3 38 30 12 39 2 17 26 39 12 24 8 11 30 40 13 4 30 39 0 38 28 29 37 1 29 0 0 11 22 29 12 23 23 18 37 0 20 23 8 25 20 3 8 0 2 41 3 34 5 0 28 41 41 4 29 4 29 18 36 5 37 21 19 19 40 12 2 35 2 5 27 36 12 0 2 2 19 12 8 2 0 0 39 16 2 36 8 19 2 39 2 36 12 2 39 9 24 42 12 0 2 34 0 35 7 5 40 19 12 25 20 24 19 2 2 23 2 7 39 4 27 36 18 31 25 19 35 41 25 20 39 10 2 31 2 2 39 26 38 20 10 34 35 21 16 34 37 34 36 19 19 36 38 36 0 34 7 36 25 2 39 12"
43,5,-0.6992,0.9804,0.9373,-0.2733,0.1898,"9 0 21 2 12 0 8 0 12 40 2 2 35 36 26 20 2 2 7 0 12 41 16 2 22 20 11 0 41 41 5 17 32 16 7 1 4 28 33 1 11 2 14 7 3 17 9 5 4 23 2 7 25 12 0 25 3 25 19 15 12 9 12 15 28 0 2 7 28 5 42 13 20 34 0 18 7 2 13 29 2 2 37 21 16 39 32 10 31 41 35 2 33 2 25 42 17 2 38 24 36 6 12 29 20 2 27 0 1 19 31 27 28 17 41 12 0 1 20 10 23 2 2 19 12 9 20 19 10 14 18 12 0 2 19 12 19 37 2 40 38 0 9 17 19 13 19 42 20 12 27 42 19 13 3 14 30 20 41 12 12 19 20 41 29 0 20 18 28 42 17 9 19 0 5 28 16 32 0 13 36 2 0 19 39 37 24 35 36 20 21 10 20 20 16 20 42 19 34 15 35 2 22 12 3 11 5 1 9 2 25 10 38 2 10 12 0 16 2 4 19 18 2 32 33 25 2 2 2 1 2 8 9 3 12 2 42 36 12 2 2 0 25 10 14 7 9 39 34 41 24 9 3 2 2 2 11 31 16 3 0 2 12 17 0 36 37 26 7 15 0 11 12 4 2 26 42 16 19 31 10 28 34 8 3 2 14 24 9 5 25 2 3 38 21 11 9 2 27 34 17 7 8 39 39 1 0 24 3 39 2 24 16 4 14 0 28 21 13 33 29 10 16 28 42 33 22 40 30 30 30 7 18 40 1 26 28 3 38 30 12 39 2 17 26 39 12 24 8 11 30 40 13 4 30 39 0 38 28 29 37 1 29 0 0 11 22 29 12 23 23 18 37 0 20 23 8 25 20 3 8 0 2 41 3 34 5 0 28 41 41 4 29 4 29 18 36 5 37 21 19 19 40 12 2 35 2 5 27 36 12 0 2 2 19 12 8 2 0 0 39 16 2 36 8 19 2 39 2 36 12 2 39 9 24 42 12 0 2 34 0 35 7 5 40 19 12 25 20 24 19 2 2 23 2 7 39 4 27 36 18 31 25 19 35 41 25 20 39 10 2 31 2 2 39 26 38 20 10 34 35 21 16 34 37 34 36 19 19 36 38 36 0 34 7 36 25 2 39 12"
44,5,-0.6992,0.9804,0.9373,-0.2768,0.1367,"9 0 21 2 12 0 8 0 12 40 2 2 35 36 26 20 2 2 7 0 12 41 16 2 22 20 11 0 41 41 5 17 32 16 7 1 4 28 33 1 11 2 14 7 3 17 9 5 4 23 2 7 25 12 0 25 3 25 19 15 12 9 12 15 28 0 2 7 28 5 42 13 20 34 0 18 7 2 13 29 2 2 37 21 16 39 32 10 31 41 35 2 33 2 25 42 17 2 38 24 36 6 12 29 20 2 27 0 1 19 31 27 28 17 41 12 0 1 20 10 23 2 2 19 12 9 20 19 10 14 18 12 0 2 19 12 19 37 2 40 38 0 9 17 19 13 19 42 20 12 27 42 19 13 3 14 30 20 41 12 12 19 20 41 29 0 20 18 28 42 17 9 19 0 5 28 16 32 0 13 36 2 0 19 39 37 24 35 36 20 21 10 20 20 16 20 42 19 34 15 35 2 22 12 3 11 5 1 9 2 25 10 38 2 10 12 0 16 2 4 19 18 2 32 33 25 2 2 2 1 2 8 9 3 12 2 42 36 12 2 2 0 25 10 14 7 9 39 34 41 24 9 3 2 2 2 11 31 16 3 0 2 12 17 0 36 37 26 7 15 0 11 12 4 2 26 42 16 19 31 10 28 34 8 3 2 14 24 9 5 25 2 3 38 21 11 9 2 27 34 17 7 8 39 39 1 0 24 3 39 2 24 16 4 14 0 28 21 13 33 29 10 16 28 42 33 22 40 30 30 30 7 18 40 1 26 28 3 38 30 12 39 2 17 26 39 12 24 8 11 30 40 13 4 30 39 0 38 28 29 37 1 29 0 0 11 22 29 12 23 23 18 37 0 20 23 8 25 20 3 8 0 2 41 3 34 5 0 28 41 41 4 29 4 29 18 36 5 37 21 19 19 40 12 2 35 2 5 27 36 12 0 2 2 19 12 8 2 0 0 39 16 2 36 8 19 2 39 2 36 12 2 39 9 24 42 12 0 2 34 0 35 7 5 40 19 12 25 20 24 19 2 2 23 2 7 39 4 27 36 18 31 25 19 35 41 25 20 39 10 2 31 2 2 39 26 38 20 10 34 35 21 16 34 37 34 36 19 19 36 38 36 0 34 7 36 25 2 39 12"
45,5,-0.6992,0.9804,0.9373,-0.2773,0.1774,"9 0 21 2 12 0 8 0 12 40 2 2 35 36 26 20 2 2 7 0 12 41 16 2 22 20 11 0 41 41 5 17 32 16 7 1 4 28 33 1 11 2 14 7 3 17 9 5 4 23 2 7 25 12 0 25 3 25 19 15 12 9 12 15 28 0 2 7 28 5 42 13 20 34 0 18 7 2 13 29 2 2 37 21 16 39 32 10 31 41 35 2 33 2 25 42 17 2 38 24 36 6 12 29 20 2 27 0 1 19 31 27 28 17 41 12 0 1 20 10 23 2 2 19 12 9 20 19 10 14 18 12 0 2 19 12 19 37 2 40 38 0 9 17 19 13 19 42 20 12 27 42 19 13 3 14 30 20 41 12 12 19 20 41 29 0 20 18 28 42 17 9 19 0 5 28 16 32 0 13 36 2 0 19 39 37 24 35 36 20 21 10 20 20 16 20 42 19 34 15 35 2 22 12 3 11 5 1 9 2 25 10 38 2 10 12 0 16 2 4 19 18 2 32 33 25 2 2 2 1 2 8 9 3 12 2 42 36 12 2 2 0 25 10 14 7 9 39 34 41 24 9 3 2 2 2 11 31 16 3 0 2 12 17 0 36 37 26 7 15 0 11 12 4 2 26 42 16 19 31 10 28 34 8 3 2 14 24 9 5 25 2 3 38 21 11 9 2 27 34 17 7 8 39 39 1 0 24 3 39 2 24 16 4 14 0 28 21 13 33 29 10 16 28 42 33 22 40 30 30 30 7 18 40 1 26 28 3 38 30 12 39 2 17 26 39 12 24 8 11 30 40 13 4 30 39 0 38 28 29 37 1 29 0 0 11 22 29 12 23 23 18 37 0 20 23 8 25 20 3 8 0 2 41 3 34 5 0 28 41 41 4 29 4 29 18 36 5 37 21 19 19 40 12 2 35 2 5 27 36 12 0 2 2 19 12 8 2 0 0 39 16 2 36 8 19 2 39 2 36 12 2 39 9 24 42 12 0 2 34 0 35 7 5 40 19 12 25 20 24 19 2 2 23 2 7 39 4 27 36 18 31 25 19 35 41 25 20 39 10 2 31 2 2 39 26 38 20 10 34 35 21 16 34 37 34 36 19 19 36 38 36 0 34 7 36 25 2 39 12"
46,5,-0.6992,0.9804,0.9373,-0.2788,0.1848,"9 0 21 2 12 0 8 0 12 40 2 2 35 36 26 20 2 2 7 0 12 41 16 2 22 20 11 0 41 41 5 17 32 16 7 1 4 28 33 1 11 2 14 7 3 17 9 5 4 23 2 7 25 12 0 25 3 25 19 15 12 9 12 15 28 0 2 7 28 5 42 13 20 34 0 18 7 2 13 29 2 2 37 21 16 39 32 10 31 41 35 2 33 2 25 42 17 2 38 24 36 6 12 29 20 2 27 0 1 19 31 27 28 17 41 12 0 1 20 10 23 2 2 19 12 9 20 19 10 14 18 12 0 2 19 12 19 37 2 40 38 0 9 17 19 13 19 42 20 12 27 42 19 13 3 14 30 20 41 12 12 19 20 41 29 0 20 18 28 42 17 9 19 0 5 28 16 32 0 13 36 2 0 19 39 37 24 35 36 20 21 10 20 20 16 20 42 19 34 15 35 2 22 12 3 11 5 1 9 2 25 10 38 2 10 12 0 16 2 4 19 18 2 32 33 25 2 2 2 1 2 8 9 3 12 2 42 36 12 2 2 0 25 10 14 7 9 39 34 41 24 9 3 2 2 2 11 31 16 3 0 2 12 17 0 36 37 26 7 15 0 11 12 4 2 26 42 16 19 31 10 28 34 8 3 2 14 24 9 5 25 2 3 38 21 11 9 2 27 34 17 7 8 39 39 1 0 24 3 39 2 24 16 4 14 0 28 21 13 33 29 10 16 28 42 33 22 40 30 30 30 7 18 40 1 26 28 3 38 30 12 39 2 17 26 39 12 24 8 11 30 40 13 4 30 39 0 38 28 29 37 1 29 0 0 11 22 29 12 23 23 18 37 0 20 23 8 25 20 3 8 0 2 41 3 34 5 0 28 41 41 4 29 4 29 18 36 5 37 21 19 19 40 12 2 35 2 5 27 36 12 0 2 2 19 12 8 2 0 0 39 16 2 36 8 19 2 39 2 36 12 2 39 9 24 42 12 0 2 34 0 35 7 5 40 19 12 25 20 24 19 2 2 23 2 7 39 4 27 36 18 31 25 19 35 41 25 20 39 10 2 31 2 2 39 26 38 20 10 34 35 21 16 34 37 34 36 19 19 36 38 36 0 34 7 36 25 2 39 12"
47,5,-0.6992,0.9804,0.9373,-0.2744,0.1567,"9 0 21 2 12 0 8 0 12 40 2 2 35 36 26 20 2 2 7 0 12 41 16 2 22 20 11 0 41 41 5 17 32 16 7 1 4 28 33 1 11 2 14 7 3 17 9 5 4 23 2 7 25 12 0 25 3 25 19 15 12 9 12 15 28 0 2 7 28 5 42 13 20 34 0 18 7 2 13 29 2 2 37 21 16 39 32 10 31 41 35 2 33 2 25 42 17 2 38 24 36 6 12 29 20 2 27 0 1 19 31 27 28 17 41 12 0 1 20 10 23 2 2 19 12 9 20 19 10 14 18 12 0 2 19 12 19 37 2 40 38 0 9 17 19 13 19 42 20 12 27 42 19 13 3 14 30 20 41 12 12 19 20 41 29 0 20 18 28 42 17 9 19 0 5 28 16 32 0 13 36 2 0 19 39 37 24 35 36 20 21 10 20 20 16 20 42 19 34 15 35 2 22 12 3 11 5 1 9 2 25 10 38 2 10 12 0 16 2 4 19 18 2 32 33 25 2 2 2 1 2 8 9 3 12 2 42 36 12 2 2 0 25 10 14 7 9 39 34 41 24 9 3 2 2 2 11 31 16 3 0 2 12 17 0 36 37 26 7 15 0 11 12 4 2 26 42 16 19 31 10 28 34 8 3 2 14 24 9 5 25 2 3 38 21 11 9 2 27 34 17 7 8 39 39 1 0 24 3 39 2 24 16 4 14 0 28 21 13 33 29 10 16 28 42 33 22 40 30 30 30 7 18 40 1 26 28 3 38 30 12 39 2 17 26 39 12 24 8 11 30 40 13 4 30 39 0 38 28 29 37 1 29 0 0 11 22 29 12 23 23 18 37 0 20 23 8 25 20 3 8 0 2 41 3 34 5 0 28 41 41 4 29 4 29 18 36 5 37 21 19 19 40 12 2 35 2 5 27 36 12 0 2 2 19 12 8 2 0 0 39 16 2 36 8 19 2 39 2 36 12 2 39 9 24 42 12 0 2 34 0 35 7 5 40 19 12 25 20 24 19 2 2 23 2 7 39 4 27 36 18 31 25 19 35 41 25 20 39 10 2 31 2 2 39 26 38 20 10 34 35 21 16 34 37 34 36 19 19 36 38 36 0 34 7 36 25 2 39 12"
48,5,-0.6992,0.9804,0.9373,-0.2752,0.1717,"9 0 21 2 12 0 8 0 12 40 2 2 35 36 26 20 2 2 7 0 12 41 16 2 22 20 11 0 41 41 5 17 32 16 7 1 4 28 33 1 11 2 14 7 3 17 9 5 4 23 2 7 25 12 0 25 3 25 19 15 12 9 12 15 28 0 2 7 28 5 42 13 20 34 0 18 7 2 13 29 2 2 37 21 16 39 32 10 31 41 35 2 33 2 25 42 17 2 38 24 36 6 12 29 20 2 27 0 1 19 31 27 28 17 41 12 0 1 20 10 23 2 2 19 12 9 20 19 10 14 18 12 0 2 19 12 19 37 2 40 38 0 9 17 19 13 19 42 20 12 27 42 19 13 3 14 30 20 41 12 12 19 20 41 29 0 20 18 28 42 17 9 19 0 5 28 16 32 0 13 36 2 0 19 39 37 24 35 36 20 21 10 20 20 16 20 42 19 34 15 35 2 22 12 3 11 5 1 9 2 25 10 38 2 10 12 0 16 2 4 19 18 2 32 33 25 2 2 2 1 2 8 9 3 12 2 42 36 12 2 2 0 25 10 14 7 9 39 34 41 24 9 3 2 2 2 11 31 16 3 0 2 12 17 0 36 37 26 7 15 0 11 12 4 2 26 42 16 19 31 10 28 34 8 3 2 14 24 9 5 25 2 3 38 21 11 9 2 27 34 17 7 8 39 39 1 0 24 3 39 2 24 16 4 14 0 28 21 13 33 29 10 16 28 42 33 22 40 30 30 30 7 18 40 1 26 28 3 38 30 12 39 2 17 26 39 12 24 8 11 30 40 13 4 30 39 0 38 28 29 37 1 29 0 0 11 22 29 12 23 23 18 37 0 20 23 8 25 20 3 8 0 2 41 3 34 5 0 28 41 41 4 29 4 29 18 36 5 37 21 19 19 40 12 2 35 2 5 27 36 12 0 2 2 19 12 8 2 0 0 39 16 2 36 8 19 2 39 2 36 12 2 39 9 24 42 12 0 2 34 0 35 7 5 40 19 12 25 20 24 19 2 2 23 2 7 39 4 27 36 18 31 25 19 35 41 25 20 39 10 2 31 2 2 39 26 38 20 10 34 35 21 16 34 37 34 36 19 19 36 38 36 0 34 7 36 25 2 39 12"
49,5,-0.6992,0.9804,0.9373,-0.2752,0.1466,"9 0 21 2 12 0 8 0 12 40 2 2 35 36 26 20 2 2 7 0 12 41 16 2 22 20 11 0 41 41 5 17 32 16 7 1 4 28 33 1 11 2 14 7 3 17 9 5 4 23 2 7 25 12 0 25 3 25 19 15 12 9 12 15 28 0 2 7 28 5 42 13 20 34 0 18 7 2 13 29 2 2 37 21 16 39 32 10 31 41 35 2 33 2 25 42 17 2 38 24 36 6 12 29 20 2 27 0 1 19 31 27 28 17 41 12 0 1 20 10 23 2 2 19 12 9 20 19 10 14 18 12 0 2 19 12 19 37 2 40 38 0 9 17 19 13 19 42 20 12 27 42 19 13 3 14 30 20 41 12 12 19 20 41 29 0 20 18 28 42 17 9 19 0 5 28 16 32 0 13 36 2 0 19 39 37 24 35 36 20 21 10 20 20 16 20 42 19 34 15 35 2 22 12 3 11 5 1 9 2 25 10 38 2 10 12 0 16 2 4 19 18 2 32 33 25 2 2 2 1 2 8 9 3 12 2 42 36 12 2 2 0 25 10 14 7 9 39 34 41 24 9 3 2 2 2 11 31 16 3 0 2 12 17 0 36 37 26 7 15 0 11 12 4 2 26 42 16 19 31 10 28 34 8 3 2 14 24 9 5 25 2 3 38 21 11 9 2 27 34 17 7 8 39 39 1 0 24 3 39 2 24 16 4 14 0 28 21 13 33 29 10 16 28 42 33 22 40 30 30 30 7 18 40 1 26 28 3 38 30 12 39 2 17 26 39 12 24 8 11 30 40 13 4 30 39 0 38 28 29 37 1 29 0 0 11 22 29 12 23 23 18 37 0 20 23 8 25 20 3 8 0 2 41 3 34 5 0 28 41 41 4 29 4 29 18 36 5 37 21 19 19 40 12 2 35 2 5 27 36 12 0 2 2 19 12 8 2 0 0 39 16 2 36 8 19 2 39 2 36 12 2 39 9 24 42 12 0 2 34 0 35 7 5 40 19 12 25 20 24 19 2 2 23 2 7 39 4 27 36 18 31 25 19 35 41 25 20 39 10 2 31 2 2 39 26 38 20 10 34 35 21 16 34 37 34 36 19 19 36 38 36 0 34 7 36 25 2 39 12"
50,5,-0.6992,0.9804,0.9373,-0.2749,0.1566,"9 0 21 2 12 0 8 0 12 40 2 2 35 36 26 20 2 2 7 0 12 41 16 2 22 20 11 0 41 41 5 17 32 16 7 1 4 28 33 1 11 2 14 7 3 17 9 5 4 23 2 7 25 12 0 25 3 25 19 15 12 9 12 15 28 0 2 7 28 5 42 13 20 34 0 18 7 2 13 29 2 2 37 21 16 39 32 10 31 41 35 2 33 2 25 42 17 2 38 24 36 6 12 29 20 2 27 0 1 19 31 27 28 17 41 12 0 1 20 10 23 2 2 19 12 9 20 19 10 14 18 12 0 2 19 12 19 37 2 40 38 0 9 17 19 13 19 42 20 12 27 42 19 13 3 14 30 20 41 12 12 19 20 41 29 0 20 18 28 42 17 9 19 0 5 28 16 32 0 13 36 2 0 19 39 37 24 35 36 20 21 10 20 20 16 20 42 19 34 15 35 2 22 12 3 11 5 1 9 2 25 10 38 2 10 12 0 16 2 4 19 18 2 32 33 25 2 2 2 1 2 8 9 3 12 2 42 36 12 2 2 0 25 10 14 7 9 39 34 41 24 9 3 2 2 2 11 31 16 3 0 2 12 17 0 36 37 26 7 15 0 11 12 4 2 26 42 16 19 31 10 28 34 8 3 2 14 24 9 5 25 2 3 38 21 11 9 2 27 34 17 7 8 39 39 1 0 24 3 39 2 24 16 4 14 0 28 21 13 33 29 10 16 28 42 33 22 40 30 30 30 7 18 40 1 26 28 3 38 30 12 39 2 17 26 39 12 24 8 11 30 40 13 4 30 39 0 38 28 29 37 1 29 0 0 11 22 29 12 23 23 18 37 0 20 23 8 25 20 3 8 0 2 41 3 34 5 0 28 41 41 4 29 4 29 18 36 5 37 21 19 19 40 12 2 35 2 5 27 36 12 0 2 2 19 12 8 2 0 0 39 16 2 36 8 19 2 39 2 36 12 2 39 9 24 42 12 0 2 34 0 35 7 5 40 19 12 25 20 24 19 2 2 23 2 7 39 4 27 36 18 31 25 19 35 41 25 20 39 10 2 31 2 2 39 26 38 20 10 34 35 21 16 34 37 34 36 19 19 36 38 36 0 34 7 36 25 2 39 12"
51,5,-0.6992,0.9804,0.9373,-0.2779,0.1754,"9 0 21 2 12 0 8 0 12 40 2 2 35 36 26 20 2 2 7 0 12 41 16 2 22 20 11 0 41 41 5 17 32 16 7 1 4 28 33 1 11 2 14 7 3 17 9 5 4 23 2 7 25 12 0 25 3 25 19 15 12 9 12 15 28 0 2 7 28 5 42 13 20 34 0 18 7 2 13 29 2 2 37 21 16 39 32 10 31 41 35 2 33 2 25 42 17 2 38 24 36 6 12 29 20 2 27 0 1 19 31 27 28 17 41 12 0 1 20 10 23 2 2 19 12 9 20 19 10 14 18 12 0 2 19 12 19 37 2 40 38 0 9 17 19 13 19 42 20 12 27 42 19 13 3 14 30 20 41 12 12 19 20 41 29 0 20 18 28 42 17 9 19 0 5 28 16 32 0 13 36 2 0 19 39 37 24 35 36 20 21 10 20 20 16 20 42 19 34 15 35 2 22 12 3 11 5 1 9 2 25 10 38 2 10 12 0 16 2 4 19 18 2 32 33 25 2 2 2 1 2 8 9 3 12 2 42 36 12 2 2 0 25 10 14 7 9 39 34 41 24 9 3 2 2 2 11 31 16 3 0 2 12 17 0 36 37 26 7 15 0 11 12 4 2 26 42 16 19 31 10 28 34 8 3 2 14 24 9 5 25 2 3 38 21 11 9 2 27 34 17 7 8 39 39 1 0 24 3 39 2 24 16 4 14 0 28 21 13 33 29 10 16 28 42 33 22 40 30 30 30 7 18 40 1 26 28 3 38 30 12 39 2 17 26 39 12 24 8 11 30 40 13 4 30 39 0 38 28 29 37 1 29 0 0 11 22 29 12 23 23 18 37 0 20 23 8 25 20 3 8 0 2 41 3 34 5 0 28 41 41 4 29 4 29 18 36 5 37 21 19 19 40 12 2 35 2 5 27 36 12 0 2 2 19 12 8 2 0 0 39 16 2 36 8 19 2 39 2 36 12 2 39 9 24 42 12 0 2 34 0 35 7 5 40 19 12 25 20 24 19 2 2 23 2 7 39 4 27 36 18 31 25 19 35 41 25 20 39 10 2 31 2 2 39 26 38 20 10 34 35 21 16 34 37 34 36 19 19 36 38 36 0 34 7 36 25 2 39 12"
52,5,-0.6992,0.9804,0.9373,-0.2763,0.1832,"9 0 21 2 12 0 8 0 12 40 2 2 35 36 26 20 2 2 7 0 12 41 16 2 22 20 11 0 41 41 5 17 32 16 7 1 4 28 33 1 11 2 14 7 3 17 9 5 4 23 2 7 25 12 0 25 3 25 19 15 12 9 12 15 28 0 2 7 28 5 42 13 20 34 0 18 7 2 13 29 2 2 37 21 16 39 32 10 31 41 35 2 33 2 25 42 17 2 38 24 36 6 12 29 20 2 27 0 1 19 31 27 28 17 41 12 0 1 20 10 23 2 2 19 12 9 20 19 10 14 18 12 0 2 19 12 19 37 2 40 38 0 9 17 19 13 19 42 20 12 27 42 19 13 3 14 30 20 41 12 12 19 20 41 29 0 20 18 28 42 17 9 19 0 5 28 16 32 0 13 36 2 0 19 39 37 24 35 36 20 21 10 20 20 16 20 42 19 34 15 35 2 22 12 3 11 5 1 9 2 25 10 38 2 10 12 0 16 2 4 19 18 2 32 33 25 2 2 2 1 2 8 9 3 12 2 42 36 12 2 2 0 25 10 14 7 9 39 34 41 24 9 3 2 2 2 11 31 16 3 0 2 12 17 0 36 37 26 7 15 0 11 12 4 2 26 42 16 19 31 10 28 34 8 3 2 14 24 9 5 25 2 3 38 21 11 9 2 27 34 17 7 8 39 39 1 0 24 3 39 2 24 16 4 14 0 28 21 13 33 29 10 16 28 42 33 22 40 30 30 30 7 18 40 1 26 28 3 38 30 12 39 2 17 26 39 12 24 8 11 30 40 13 4 30 39 0 38 28 29 37 1 29 0 0 11 22 29 12 23 23 18 37 0 20 23 8 25 20 3 8 0 2 41 3 34 5 0 28 41 41 4 29 4 29 18 36 5 37 21 19 19 40 12 2 35 2 5 27 36 12 0 2 2 19 12 8 2 0 0 39 16 2 36 8 19 2 39 2 36 12 2 39 9 24 42 12 0 2 34 0 35 7 5 40 19 12 25 20 24 19 2 2 23 2 7 39 4 27 36 18 31 25 19 35 41 25 20 39 10 2 31 2 2 39 26 38 20 10 34 35 21 16 34 37 34 36 19 19 36 38 36 0 34 7 36 25 2 39 12"
53,5,-0.6992,0.9804,0.9373,-0.2787,0.1796,"9 0 21 2 12 0 8 0 12 40 2 2 35 36 26 20 2 2 7 0 12 41 16 2 22 20 11 0 41 41 5 17 32 16 7 1 4 28 33 1 11 2 14 7 3 17 9 5 4 23 2 7 25 12 0 25 3 25 19 15 12 9 12 15 28 0 2 7 28 5 42 13 20 34 0 18 7 2 13 29 2 2 37 21 16 39 32 10 31 41 35 2 33 2 25 42 17 2 38 24 36 6 12 29 20 2 27 0 1 19 31 27 28 17 41 12 0 1 20 10 23 2 2 19 12 9 20 19 10 14 18 12 0 2 19 12 19 37 2 40 38 0 9 17 19 13 19 42 20 12 27 42 19 13 3 14 30 20 41 12 12 19 20 41 29 0 20 18 28 42 17 9 19 0 5 28 16 32 0 13 36 2 0 19 39 37 24 35 36 20 21 10 20 20 16 20 42 19 34 15 35 2 22 12 3 11 5 1 9 2 25 10 38 2 10 12 0 16 2 4 19 18 2 32 33 25 2 2 2 1 2 8 9 3 12 2 42 36 12 2 2 0 25 10 14 7 9 39 34 41 24 9 3 2 2 2 11 31 16 3 0 2 12 17 0 36 37 26 7 15 0 11 12 4 2 26 42 16 19 31 10 28 34 8 3 2 14 24 9 5 25 2 3 38 21 11 9 2 27 34 17 7 8 39 39 1 0 24 3 39 2 24 16 4 14 0 28 21 13 33 29 10 16 28 42 33 22 40 30 30 30 7 18 40 1 26 28 3 38 30 12 39 2 17 26 39 12 24 8 11 30 40 13 4 30 39 0 38 28 29 37 1 29 0 0 11 22 29 12 23 23 18 37 0 20 23 8 25 20 3 8 0 2 41 3 34 5 0 28 41 41 4 29 4 29 18 36 5 37 21 19 19 40 12 2 35 2 5 27 36 12 0 2 2 19 12 8 2 0 0 39 16 2 36 8 19 2 39 2 36 12 2 39 9 24 42 12 0 2 34 0 35 7 5 40 19 12 25 20 24 19 2 2 23 2 7 39 4 27 36 18 31 25 19 35 41 25 20 39 10 2 31 2 2 39 26 38 20 10 34 35 21 16 34 37 34 36 19 19 36 38 36 0 34 7 36 25 2 39 12"
54,5,-0.6992,0.9804,0.9373,-0.2787,0.1546,"9 0 21 2 12 0 8 0 12 40 2 2 35 36 26 20 2 2 7 0 12 41 16 2 22 20 11 0 41 41 5 17 32 16 7 1 4 28 33 1 11 2 14 7 3 17 9 5 4 23 2 7 25 12 0 25 3 25 19 15 12 9 12 15 28 0 2 7 28 5 42 13 20 34 0 18 7 2 13 29 2 2 37 21 16 39 32 10 31 41 35 2 33 2 25 42 17 2 38 24 36 6 12 29 20 2 27 0 1 19 31 27 28 17 41 12 0 1 20 10 23 2 2 19 12 9 20 19 10 14 18 12 0 2 19 12 19 37 2 40 38 0 9 17 19 13 19 42 20 12 27 42 19 13 3 14 30 20 41 12 12 19 20 41 29 0 20 18 28 42 17 9 19 0 5 28 16 32 0 13 36 2 0 19 39 37 24 35 36 20 21 10 20 20 16 20 42 19 34 15 35 2 22 12 3 11 5 1 9 2 25 10 38 2 10 12 0 16 2 4 19 18 2 32 33 25 2 2 2 1 2 8 9 3 12 2 42 36 12 2 2 0 25 10 14 7 9 39 34 41 24 9 3 2 2 2 11 31 16 3 0 2 12 17 0 36 37 26 7 15 0 11 12 4 2 26 42 16 19 31 10 28 34 8 3 2 14 24 9 5 25 2 3 38 21 11 9 2 27 34 17 7 8 39 39 1 0 24 3 39 2 24 16 4 14 0 28 21 13 33 29 10 16 28 42 33 22 40 30 30 30 7 18 40 1 26 28 3 38 30 12 39 2 17 26 39 12 24 8 11 30 40 13 4 30 39 0 38 28 29 37 1 29 0 0 11 22 29 12 23 23 18 37 0 20 23 8 25 20 3 8 0 2 41 3 34 5 0 28 41 41 4 29 4 29 18 36 5 37 21 19 19 40 12 2 35 2 5 27 36 12 0 2 2 19 12 8 2 0 0 39 16 2 36 8 19 2 39 2 36 12 2 39 9 24 42 12 0 2 34 0 35 7 5 40 19 12 25 20 24 19 2 2 23 2 7 39 4 27 36 18 31 25 19 35 41 25 20 39 10 2 31 2 2 39 26 38 20 10 34 35 21 16 34 37 34 36 19 19 36 38 36 0 34 7 36 25 2 39 12"
55,5,-0.6992,0.9804,0.9373,-0.2776,0.1606,"9 0 21 2 12 0 8 0 12 40 2 2 35 36 26 20 2 2 7 0 12 41 16 2 22 20 11 0 41 41 5 17 32 16 7 1 4 28 33 1 11 2 14 7 3 17 9 5 4 23 2 7 25 12 0 25 3 25 19 15 12 9 12 15 28 0 2 7 28 5 42 13 20 34 0 18 7 2 13 29 2 2 37 21 16 39 32 10 31 41 35 2 33 2 25 42 17 2 38 24 36 6 12 29 20 2 27 0 1 19 31 27 28 17 41 12 0 1 20 10 23 2 2 19 12 9 20 19 10 14 18 12 0 2 19 12 19 37 2 40 38 0 9 17 19 13 19 42 20 12 27 42 19 13 3 14 30 20 41 12 12 19 20 41 29 0 20 18 28 42 17 9 19 0 5 28 16 32 0 13 36 2 0 19 39 37 24 35 36 20 21 10 20 20 16 20 42 19 34 15 35 2 22 12 3 11 5 1 9 2 25 10 38 2 10 12 0 16 2 4 19 18 2 32 33 25 2 2 2 1 2 8 9 3 12 2 42 36 12 2 2 0 25 10 14 7 9 39 34 41 24 9 3 2 2 2 11 31 16 3 0 2 12 17 0 36 37 26 7 15 0 11 12 4 2 26 42 16 19 31 10 28 34 8 3 2 14 24 9 5 25 2 3 38 21 11 9 2 27 34 17 7 8 39 39 1 0 24 3 39 2 24 16 4 14 0 28 21 13 33 29 10 16 28 42 33 22 40 30 30 30 7 18 40 1 26 28 3 38 30 12 39 2 17 26 39 12 24 8 11 30 40 13 4 30 39 0 38 28 29 37 1 29 0 0 11 22 29 12 23 23 18 37 0 20 23 8 25 20 3 8 0 2 41 3 34 5 0 28 41 41 4 29 4 29 18 36 5 37 21 19 19 40 12 2 35 2 5 27 36 12 0 2 2 19 12 8 2 0 0 39 16 2 36 8 19 2 39 2 36 12 2 39 9 24 42 12 0 2 34 0 35 7 5 40 19 12 25 20 24 19 2 2 23 2 7 39 4 27 36 18 31 25 19 35 41 25 20 39 10 2 31 2 2 39 26 38 20 10 34 35 21 16 34 37 34 36 19 19 36 38 36 0 34 7 36 25 2 39 12"
56,5,-0.6992,0.9804,0.9373,-0.2777,0.1726,"9 0 21 2 12 0 8 0 12 40 2 2 35 36 26 20 2 2 7 0 12 41 16 2 22 20 11 0 41 41 5 17 32 16 7 1 4 28 33 1 11 2 14 7 3 17 9 5 4 23 2 7 25 12 0 25 3 25 19 15 12 9 12 15 28 0 2 7 28 5 42 13 20 34 0 18 7 2 13 29 2 2 37 21 16 39 32 10 31 41 35 2 33 2 25 42 17 2 38 24 36 6 12 29 20 2 27 0 1 19 31 27 28 17 41 12 0 1 20 10 23 2 2 19 12 9 20 19 10 14 18 12 0 2 19 12 19 37 2 40 38 0 9 17 19 13 19 42 20 12 27 42 19 13 3 14 30 20 41 12 12 19 20 41 29 0 20 18 28 42 17 9 19 0 5 28 16 32 0 13 36 2 0 19 39 37 24 35 36 20 21 10 20 20 16 20 42 19 34 15 35 2 22 12 3 11 5 1 9 2 25 10 38 2 10 12 0 16 2 4 19 18 2 32 33 25 2 2 2 1 2 8 9 3 12 2 42 36 12 2 2 0 25 10 14 7 9 39 34 41 24 9 3 2 2 2 11 31 16 3 0 2 12 17 0 36 37 26 7 15 0 11 12 4 2 26 42 16 19 31 10 28 34 8 3 2 14 24 9 5 25 2 3 38 21 11 9 2 27 34 17 7 8 39 39 1 0 24 3 39 2 24 16 4 14 0 28 21 13 33 29 10 16 28 42 33 22 40 30 30 30 7 18 40 1 26 28 3 38 30 12 39 2 17 26 39 12 24 8 11 30 40 13 4 30 39 0 38 28 29 37 1 29 0 0 11 22 29 12 23 23 18 37 0 20 23 8 25 20 3 8 0 2 41 3 34 5 0 28 41 41 4 29 4 29 18 36 5 37 21 19 19 40 12 2 35 2 5 27 36 12 0 2 2 19 12 8 2 0 0 39 16 2 36 8 19 2 39 2 36 12 2 39 9 24 42 12 0 2 34 0 35 7 5 40 19 12 25 20 24 19 2 2 23 2 7 39 4 27 36 18 31 25 19 35 41 25 20 39 10 2 31 2 2 39 26 38 20 10 34 35 21 16 34 37 34 36 19 19 36 38 36 0 34 7 36 25 2 39 12"
57,5,-0.6992,0.9804,0.9373,-0.2762,0.1738,"9 0 21 2 12 0 8 0 12 40 2 2 35 36 26 20 2 2 7 0 12 41 16 2 22 20 11 0 41 41 5 17 32 16 7 1 4 28 33 1 11 2 14 7 3 17 9 5 4 23 2 7 25 12 0 25 3 25 19 15 12 9 12 15 28 0 2 7 28 5 42 13 20 34 0 18 7 2 13 29 2 2 37 21 16 39 32 10 31 41 35 2 33 2 25 42 17 2 38 24 36 6 12 29 20 2 27 0 1 19 31 27 28 17 41 12 0 1 20 10 23 2 2 19 12 9 20 19 10 14 18 12 0 2 19 12 19 37 2 40 38 0 9 17 19 13 19 42 20 12 27 42 19 13 3 14 30 20 41 12 12 19 20 41 29 0 20 18 28 42 17 9 19 0 5 28 16 32 0 13 36 2 0 19 39 37 24 35 36 20 21 10 20 20 16 20 42 19 34 15 35 2 22 12 3 11 5 1 9 2 25 10 38 2 10 12 0 16 2 4 19 18 2 32 33 25 2 2 2 1 2 8 9 3 12 2 42 36 12 2 2 0 25 10 14 7 9 39 34 41 24 9 3 2 2 2 11 31 16 3 0 2 12 17 0 36 37 26 7 15 0 11 12 4 2 26 42 16 19 31 10 28 34 8 3 2 14 24 9 5 25 2 3 38 21 11 9 2 27 34 17 7 8 39 39 1 0 24 3 39 2 24 16 4 14 0 28 21 13 33 29 10 16 28 42 33 22 40 30 30 30 7 18 40 1 26 28 3 38 30 12 39 2 17 26 39 12 24 8 11 30 40 13 4 30 39 0 38 28 29 37 1 29 0 0 11 22 29 12 23 23 18 37 0 20 23 8 25 20 3 8 0 2 41 3 34 5 0 28 41 41 4 29 4 29 18 36 5 37 21 19 19 40 12 2 35 2 5 27 36 12 0 2 2 19 12 8 2 0 0 39 16 2 36 8 19 2 39 2 36 12 2 39 9 24 42 12 0 2 34 0 35 7 5 40 19 12 25 20 24 19 2 2 23 2 7 39 4 27 36 18 31 25 19 35 41 25 20 39 10 2 31 2 2 39 26 38 20 10 34 35 21 16 34 37 34 36 19 19 36 38 36 0 34 7 36 25 2 39 12"
58,5,-0.6992,0.9804,0.9373,-0.2808,0.1780,"9 0 21 2 12 0 8 0 12 40 2 2 35 36 26 20 2 2 7 0 12 41 16 2 22 20 11 0 41 41 5 17 32 16 7 1 4 28 33 1 11 2 14 7 3 17 9 5 4 23 2 7 25 12 0 25 3 25 19 15 12 9 12 15 28 0 2 7 28 5 42 13 20 34 0 18 7 2 13 29 2 2 37 21 16 39 32 10 31 41 35 2 33 2 25 42 17 2 38 24 36 6 12 29 20 2 27 0 1 19 31 27 28 17 41 12 0 1 20 10 23 2 2 19 12 9 20 19 10 14 18 12 0 2 19 12 19 37 2 40 38 0 9 17 19 13 19 42 20 12 27 42 19 13 3 14 30 20 41 12 12 19 20 41 29 0 20 18 28 42 17 9 19 0 5 28 16 32 0 13 36 2 0 19 39 37 24 35 36 20 21 10 20 20 16 20 42 19 34 15 35 2 22 12 3 11 5 1 9 2 25 10 38 2 10 12 0 16 2 4 19 18 2 32 33 25 2 2 2 1 2 8 9 3 12 2 42 36 12 2 2 0 25 10 14 7 9 39 34 41 24 9 3 2 2 2 11 31 16 3 0 2 12 17 0 36 37 26 7 15 0 11 12 4 2 26 42 16 19 31 10 28 34 8 3 2 14 24 9 5 25 2 3 38 21 11 9 2 27 34 17 7 8 39 39 1 0 24 3 39 2 24 16 4 14 0 28 21 13 33 29 10 16 28 42 33 22 40 30 30 30 7 18 40 1 26 28 3 38 30 12 39 2 17 26 39 12 24 8 11 30 40 13 4 30 39 0 38 28 29 37 1 29 0 0 11 22 29 12 23 23 18 37 0 20 23 8 25 20 3 8 0 2 41 3 34 5 0 28 41 41 4 29 4 29 18 36 5 37 21 19 19 40 12 2 35 2 5 27 36 12 0 2 2 19 12 8 2 0 0 39 16 2 36 8 19 2 39 2 36 12 2 39 9 24 42 12 0 2 34 0 35 7 5 40 19 12 25 20 24 19 2 2 23 2 7 39 4 27 36 18 31 25 19 35 41 25 20 39 10 2 31 2 2 39 26 38 20 10 34 35 21 16 34 37 34 36 19 19 36 38 36 0 34 7 36 25 2 39 12"
59,5,-0.6992,0.9804,0.9373,-0.2801,0.1738,"9 0 21 2 12 0 8 0 12 40 2 2 35 36 26 20 2 2 7 0 12 41 16 2 22 20 11 0 41 41 5 17 32 16 7 1 4 28 33 1 11 2 14 7 3 17 9 5 4 23 2 7 25 12 0 25 3 25 19 15 12 9 12 15 28 0 2 7 28 5 42 13 20 34 0 18 7 2 13 29 2 2 37 21 16 39 32 10 31 41 35 2 33 2 25 42 17 2 38 24 36 6 12 29 20 2 27 0 1 19 31 27 28 17 41 12 0 1 20 10 23 2 2 19 12 9 20 19 10 14 18 12 0 2 19 12 19 37 2 40 38 0 9 17 19 13 19 42 20 12 27 42 19 13 3 14 30 20 41 12 12 19 20 41 29 0 20 18 28 42 17 9 19 0 5 28 16 32 0 13 36 2 0 19 39 37 24 35 36 20 21 10 20 20 16 20 42 19 34 15 35 2 22 12 3 11 5 1 9 2 25 10 38 2 10 12 0 16 2 4 19 18 2 32 33 25 2 2 2 1 2 8 9 3 12 2 42 36 12 2 2 0 25 10 14 7 9 39 34 41 24 9 3 2 2 2 11 31 16 3 0 2 12 17 0 36 37 26 7 15 0 11 12 4 2 26 42 16 19 31 10 28 34 8 3 2 14 24 9 5 25 2 3 38 21 11 9 2 27 34 17 7 8 39 39 1 0 24 3 39 2 24 16 4 14 0 28 21 13 33 29 10 16 28 42 33 22 40 30 30 30 7 18 40 1 26 28 3 38 30 12 39 2 17 26 39 12 24 8 11 30 40 13 4 30 39 0 38 28 29 37 1 29 0 0 11 22 29 12 23 23 18 37 0 20 23 8 25 20 3 8 0 2 41 3 34 5 0 28 41 41 4 29 4 29 18 36 5 37 21 19 19 40 12 2 35 2 5 27 36 12 0 2 2 19 12 8 2 0 0 39 16 2 36 8 19 2 39 2 36 12 2 39 9 24 42 12 0 2 34 0 35 7 5 40 19 12 25 20 24 19 2 2 23 2 7 39 4 27 36 18 31 25 19 35 41 25 20 39 10 2 31 2 2 39 26 38 20 10 34 35 21 16 34 37 34 36 19 19 36 38 36 0 34 7 36 25 2 39 12"
60,5,-0.6992,0.9804,0.9373,-0.2810,0.1602,"9 0 21 2 12 0 8 0 12 40 2 2 35 36 26 20 2 2 7 0 12 41 16 2 22 20 11 0 41 41 5 17 32 16 7 1 4 28 33 1 11 2 14 7 3 17 9 5 4 23 2 7 25 12 0 25 3 25 19 15 12 9 12 15 28 0 2 7 28 5 42 13 20 34 0 18 7 2 13 29 2 2 37 21 16 39 32 10 31 41 35 2 33 2 25 42 17 2 38 24 36 6 12 29 20 2 27 0 1 19 31 27 28 17 41 12 0 1 20 10 23 2 2 19 12 9 20 19 10 14 18 12 0 2 19 12 19 37 2 40 38 0 9 17 19 13 19 42 20 12 27 42 19 13 3 14 30 20 41 12 12 19 20 41 29 0 20 18 28 42 17 9 19 0 5 28 16 32 0 13 36 2 0 19 39 37 24 35 36 20 21 10 20 20 16 20 42 19 34 15 35 2 22 12 3 11 5 1 9 2 25 10 38 2 10 12 0 16 2 4 19 18 2 32 33 25 2 2 2 1 2 8 9 3 12 2 42 36 12 2 2 0 25 10 14 7 9 39 34 41 24 9 3 2 2 2 11 31 16 3 0 2 12 17 0 36 37 26 7 15 0 11 12 4 2 26 42 16 19 31 10 28 34 8 3 2 14 24 9 5 25 2 3 38 21 11 9 2 27 34 17 7 8 39 39 1 0 24 3 39 2 24 16 4 14 0 28 21 13 33 29 10 16 28 42 33 22 40 30 30 30 7 18 40 1 26 28 3 38 30 12 39 2 17 26 39 12 24 8 11 30 40 13 4 30 39 0 38 28 29 37 1 29 0 0 11 22 29 12 23 23 18 37 0 20 23 8 25 20 3 8 0 2 41 3 34 5 0 28 41 41 4 29 4 29 18 36 5 37 21 19 19 40 12 2 35 2 5 27 36 12 0 2 2 19 12 8 2 0 0 39 16 2 36 8 19 2 39 2 36 12 2 39 9 24 42 12 0 2 34 0 35 7 5 40 19 12 25 20 24 19 2 2 23 2 7 39 4 27 36 18 31 25 19 35 41 25 20 39 10 2 31 2 2 39 26 38 20 10 34 35 21 16 34 37 34 36 19 19 36 38 36 0 34 7 36 25 2 39 12"
61,5,-0.6992,0.9804,0.9373,-0.2825,0.1366,"9 0 21 2 12 0 8 0 12 40 2 2 35 36 26 20 2 2 7 0 12 41 16 2 22 20 11 0 41 41 5 17 32 16 7 1 4 28 33 1 11 2 14 7 3 17 9 5 4 23 2 7 25 12 0 25 3 25 19 15 12 9 12 15 28 0 2 7 28 5 42 13 20 34 0 18 7 2 13 29 2 2 37 21 16 39 32 10 31 41 35 2 33 2 25 42 17 2 38 24 36 6 12 29 20 2 27 0 1 19 31 27 28 17 41 12 0 1 20 10 23 2 2 19 12 9 20 19 10 14 18 12 0 2 19 12 19 37 2 40 38 0 9 17 19 13 19 42 20 12 27 42 19 13 3 14 30 20 41 12 12 19 20 41 29 0 20 18 28 42 17 9 19 0 5 28 16 32 0 13 36 2 0 19 39 37 24 35 36 20 21 10 20 20 16 20 42 19 34 15 35 2 22 12 3 11 5 1 9 2 25 10 38 2 10 12 0 16 2 4 19 18 2 32 33 25 2 2 2 1 2 8 9 3 12 2 42 36 12 2 2 0 25 10 14 7 9 39 34 41 24 9 3 2 2 2 11 31 16 3 0 2 12 17 0 36 37 26 7 15 0 11 12 4 2 26 42 16 19 31 10 28 34 8 3 2 14 24 9 5 25 2 3 38 21 11 9 2 27 34 17 7 8 39 39 1 0 24 3 39 2 24 16 4 14 0 28 21 13 33 29 10 16 28 42 33 22 40 30 30 30 7 18 40 1 26 28 3 38 30 12 39 2 17 26 39 12 24 8 11 30 40 13 4 30 39 0 38 28 29 37 1 29 0 0 11 22 29 12 23 23 18 37 0 20 23 8 25 20 3 8 0 2 41 3 34 5 0 28 41 41 4 29 4 29 18 36 5 37 21 19 19 40 12 2 35 2 5 27 36 12 0 2 2 19 12 8 2 0 0 39 16 2 36 8 19 2 39 2 36 12 2 39 9 24 42 12 0 2 34 0 35 7 5 40 19 12 25 20 24 19 2 2 23 2 7 39 4 27 36 18 31 25 19 35 41 25 20 39 10 2 31 2 2 39 26 38 20 10 34 35 21 16 34 37 34 36 19 19 36 38 36 0 34 7 36 25 2 39 12"
62,5,-0.6992,0.9804,0.9373,-0.2820,0.1502,"9 0 21 2 12 0 8 0 12 40 2 2 35 36 26 20 2 2 7 0 12 41 16 2 22 20 11 0 41 41 5 17 32 16 7 1 4 28 33 1 11 2 14 7 3 17 9 5 4 23 2 7 25 12 0 25 3 25 19 15 12 9 12 15 28 0 2 7 28 5 42 13 20 34 0 18 7 2 13 29 2 2 37 21 16 39 32 10 31 41 35 2 33 2 25 42 17 2 38 24 36 6 12 29 20 2 27 0 1 19 31 27 28 17 41 12 0 1 20 10 23 2 2 19 12 9 20 19 10 14 18 12 0 2 19 12 19 37 2 40 38 0 9 17 19 13 19 42 20 12 27 42 19 13 3 14 30 20 41 12 12 19 20 41 29 0 20 18 28 42 17 9 19 0 5 28 16 32 0 13 36 2 0 19 39 37 24 35 36 20 21 10 20 20 16 20 42 19 34 15 35 2 22 12 3 11 5 1 9 2 25 10 38 2 10 12 0 16 2 4 19 18 2 32 33 25 2 2 2 1 2 8 9 3 12 2 42 36 12 2 2 0 25 10 14 7 9 39 34 41 24 9 3 2 2 2 11 31 16 3 0 2 12 17 0 36 37 26 7 15 0 11 12 4 2 26 42 16 19 31 10 28 34 8 3 2 14 24 9 5 25 2 3 38 21 11 9 2 27 34 17 7 8 39 39 1 0 24 3 39 2 24 16 4 14 0 28 21 13 33 29 10 16 28 42 33 22 40 30 30 30 7 18 40 1 26 28 3 38 30 12 39 2 17 26 39 12 24 8 11 30 40 13 4 30 39 0 38 28 29 37 1 29 0 0 11 22 29 12 23 23 18 37 0 20 23 8 25 20 3 8 0 2 41 3 34 5 0 28 41 41 4 29 4 29 18 36 5 37 21 19 19 40 12 2 35 2 5 27 36 12 0 2 2 19 12 8 2 0 0 39 16 2 36 8 19 2 39 2 36 12 2 39 9 24 42 12 0 2 34 0 35 7 5 40 19 12 25 20 24 19 2 2 23 2 7 39 4 27 36 18 31 25 19 35 41 25 20 39 10 2 31 2 2 39 26 38 20 10 34 35 21 16 34 37 34 36 19 19 36 38 36 0 34 7 36 25 2 39 12"
63,5,-0.6992,0.9804,0.9373,-0.2876,0.1728,"9 0 21 2 12 0 8 0 12 40 2 2 35 36 26 20 2 2 7 0 12 41 16 2 22 20 11 0 41 41 5 17 32 16 7 1 4 28 33 1 11 2 14 7 3 17 9 5 4 23 2 7 25 12 0 25 3 25 19 15 12 9 12 15 28 0 2 7 28 5 42 13 20 34 0 18 7 2 13 29 2 2 37 21 16 39 32 10 31 41 35 2 33 2 25 42 17 2 38 24 36 6 12 29 20 2 27 0 1 19 31 27 28 17 41 12 0 1 20 10 23 2 2 19 12 9 20 19 10 14 18 12 0 2 19 12 19 37 2 40 38 0 9 17 19 13 19 42 20 12 27 42 19 13 3 14 30 20 41 12 12 19 20 41 29 0 20 18 28 42 17 9 19 0 5 28 16 32 0 13 36 2 0 19 39 37 24 35 36 20 21 10 20 20 16 20 42 19 34 15 35 2 22 12 3 11 5 1 9 2 25 10 38 2 10 12 0 16 2 4 19 18 2 32 33 25 2 2 2 1 2 8 9 3 12 2 42 36 12 2 2 0 25 10 14 7 9 39 34 41 24 9 3 2 2 2 11 31 16 3 0 2 12 17 0 36 37 26 7 15 0 11 12 4 2 26 42 16 19 31 10 28 34 8 3 2 14 24 9 5 25 2 3 38 21 11 9 2 27 34 17 7 8 39 39 1 0 24 3 39 2 24 16 4 14 0 28 21 13 33 29 10 16 28 42 33 22 40 30 30 30 7 18 40 1 26 28 3 38 30 12 39 2 17 26 39 12 24 8 11 30 40 13 4 30 39 0 38 28 29 37 1 29 0 0 11 22 29 12 23 23 18 37 0 20 23 8 25 20 3 8 0 2 41 3 34 5 0 28 41 41 4 29 4 29 18 36 5 37 21 19 19 40 12 2 35 2 5 27 36 12 0 2 2 19 12 8 2 0 0 39 16 2 36 8 19 2 39 2 36 12 2 39 9 24 42 12 0 2 34 0 35 7 5 40 19 12 25 20 24 19 2 2 23 2 7 39 4 27 36 18 31 25 19 35 41 25 20 39 10 2 31 2 2 39 26 38 20 10 34 35 21 16 34 37 34 36 19 19 36 38 36 0 34 7 36 25 2 39 12"
64,5,-0.6992,0.9804,0.9373,-0.2874,0.1593,"9 0 21 2 12 0 8 0 12 40 2 2 35 36 26 20 2 2 7 0 12 41 16 2 22 20 11 0 41 41 5 17 32 16 7 1 4 28 33 1 11 2 14 7 3 17 9 5 4 23 2 7 25 12 0 25 3 25 19 15 12 9 12 15 28 0 2 7 28 5 42 13 20 34 0 18 7 2 13 29 2 2 37 21 16 39 32 10 31 41 35 2 33 2 25 42 17 2 38 24 36 6 12 29 20 2 27 0 1 19 31 27 28 17 41 12 0 1 20 10 23 2 2 19 12 9 20 19 10 14 18 12 0 2 19 12 19 37 2 40 38 0 9 17 19 13 19 42 20 12 27 42 19 13 3 14 30 20 41 12 12 19 20 41 29 0 20 18 28 42 17 9 19 0 5 28 16 32 0 13 36 2 0 19 39 37 24 35 36 20 21 10 20 20 16 20 42 19 34 15 35 2 22 12 3 11 5 1 9 2 25 10 38 2 10 12 0 16 2 4 19 18 2 32 33 25 2 2 2 1 2 8 9 3 12 2 42 36 12 2 2 0 25 10 14 7 9 39 34 41 24 9 3 2 2 2 11 31 16 3 0 2 12 17 0 36 37 26 7 15 0 11 12 4 2 26 42 16 19 31 10 28 34 8 3 2 14 24 9 5 25 2 3 38 21 11 9 2 27 34 17 7 8 39 39 1 0 24 3 39 2 24 16 4 14 0 28 21 13 33 29 10 16 28 42 33 22 40 30 30 30 7 18 40 1 26 28 3 38 30 12 39 2 17 26 39 12 24 8 11 30 40 13 4 30 39 0 38 28 29 37 1 29 0 0 11 22 29 12 23 23 18 37 0 20 23 8 25 20 3 8 0 2 41 3 34 5 0 28 41 41 4 29 4 29 18 36 5 37 21 19 19 40 12 2 35 2 5 27 36 12 0 2 2 19 12 8 2 0 0 39 16 2 36 8 19 2 39 2 36 12 2 39 9 24 42 12 0 2 34 0 35 7 5 40 19 12 25 20 24 19 2 2 23 2 7 39 4 27 36 18 31 25 19 35 41 25 20 39 10 2 31 2 2 39 26 38 20 10 34 35 21 16 34 37 34 36 19 19 36 38 36 0 34 7 36 25 2 39 12"
65,5,-0.6992,0.9804,0.9373,-0.2915,0.1829,"9 0 21 2 12 0 8 0 12 40 2 2 35 36 26 20 2 2 7 0 12 41 16 2 22 20 11 0 41 41 5 17 32 16 7 1 4 28 33 1 11 2 14 7 3 17 9 5 4 23 2 7 25 12 0 25 3 25 19 15 12 9 12 15 28 0 2 7 28 5 42 13 20 34 0 18 7 2 13 29 2 2 37 21 16 39 32 10 31 41 35 2 33 2 25 42 17 2 38 24 36 6 12 29 20 2 27 0 1 19 31 27 28 17 41 12 0 1 20 10 23 2 2 19 12 9 20 19 10 14 18 12 0 2 19 12 19 37 2 40 38 0 9 17 19 13 19 42 20 12 27 42 19 13 3 14 30 20 41 12 12 19 20 41 29 0 20 18 28 42 17 9 19 0 5 28 16 32 0 13 36 2 0 19 39 37 24 35 36 20 21 10 20 20 16 20 42 19 34 15 35 2 22 12 3 11 5 1 9 2 25 10 38 2 10 12 0 16 2 4 19 18 2 32 33 25 2 2 2 1 2 8 9 3 12 2 42 36 12 2 2 0 25 10 14 7 9 39 34 41 24 9 3 2 2 2 11 31 16 3 0 2 12 17 0 36 37 26 7 15 0 11 12 4 2 26 42 16 19 31 10 28 34 8 3 2 14 24 9 5 25 2 3 38 21 11 9 2 27 34 17 7 8 39 39 1 0 24 3 39 2 24 16 4 14 0 28 21 13 33 29 10 16 28 42 33 22 40 30 30 30 7 18 40 1 26 28 3 38 30 12 39 2 17 26 39 12 24 8 11 30 40 13 4 30 39 0 38 28 29 37 1 29 0 0 11 22 29 12 23 23 18 37 0 20 23 8 25 20 3 8 0 2 41 3 34 5 0 28 41 41 4 29 4 29 18 36 5 37 21 19 19 40 12 2 35 2 5 27 36 12 0 2 2 19 12 8 2 0 0 39 16 2 36 8 19 2 39 2 36 12 2 39 9 24 42 12 0 2 34 0 35 7 5 40 19 12 25 20 24 19 2 2 23 2 7 39 4 27 36 18 31 25 19 35 41 25 20 39 10 2 31 2 2 39 26 38 20 10 34 35 21 16 34 37 34 36 19 19 36 38 36 0 34 7 36 25 2 39 12"
66,5,-0.6992,0.9804,0.9373,-0.2949,0.1669,"9 0 21 2 12 0 8 0 12 40 2 2 35 36 26 20 2 2 7 0 12 41 16 2 22 20 11 0 41 41 5 17 32 16 7 1 4 28 33 1 11 2 14 7 3 17 9 5 4 23 2 7 25 12 0 25 3 25 19 15 12 9 12 15 28 0 2 7 28 5 42 13 20 34 0 18 7 2 13 29 2 2 37 21 16 39 32 10 31 41 35 2 33 2 25 42 17 2 38 24 36 6 12 29 20 2 27 0 1 19 31 27 28 17 41 12 0 1 20 10 23 2 2 19 12 9 20 19 10 14 18 12 0 2 19 12 19 37 2 40 38 0 9 17 19 13 19 42 20 12 27 42 19 13 3 14 30 20 41 12 12 19 20 41 29 0 20 18 28 42 17 9 19 0 5 28 16 32 0 13 36 2 0 19 39 37 24 35 36 20 21 10 20 20 16 20 42 19 34 15 35 2 22 12 3 11 5 1 9 2 25 10 38 2 10 12 0 16 2 4 19 18 2 32 33 25 2 2 2 1 2 8 9 3 12 2 42 36 12 2 2 0 25 10 14 7 9 39 34 41 24 9 3 2 2 2 11 31 16 3 0 2 12 17 0 36 37 26 7 15 0 11 12 4 2 26 42 16 19 31 10 28 34 8 3 2 14 24 9 5 25 2 3 38 21 11 9 2 27 34 17 7 8 39 39 1 0 24 3 39 2 24 16 4 14 0 28 21 13 33 29 10 16 28 42 33 22 40 30 30 30 7 18 40 1 26 28 3 38 30 12 39 2 17 26 39 12 24 8 11 30 40 13 4 30 39 0 38 28 29 37 1 29 0 0 11 22 29 12 23 23 18 37 0 20 23 8 25 20 3 8 0 2 41 3 34 5 0 28 41 41 4 29 4 29 18 36 5 37 21 19 19 40 12 2 35 2 5 27 36 12 0 2 2 19 12 8 2 0 0 39 16 2 36 8 19 2 39 2 36 12 2 39 9 24 42 12 0 2 34 0 35 7 5 40 19 12 25 20 24 19 2 2 23 2 7 39 4 27 36 18 31 25 19 35 41 25 20 39 10 2 31 2 2 39 26 38 20 10 34 35 21 16 34 37 34 36 19 19 36 38 36 0 34 7 36 25 2 39 12"
67,5,-0.6992,0.9804,0.9373,-0.2861,0.1832,"9 0 21 2 12 0 8 0 12 40 2 2 35 36 26 20 2 2 7 0 12 41 16 2 22 20 11 0 41 41 5 17 32 16 7 1 4 28 33 1 11 2 14 7 3 17 9 5 4 23 2 7 25 12 0 25 3 25 19 15 12 9 12 15 28 0 2 7 28 5 42 13 20 34 0 18 7 2 13 29 2 2 37 21 16 39 32 10 31 41 35 2 33 2 25 42 17 2 38 24 36 6 12 29 20 2 27 0 1 19 31 27 28 17 41 12 0 1 20 10 23 2 2 19 12 9 20 19 10 14 18 12 0 2 19 12 19 37 2 40 38 0 9 17 19 13 19 42 20 12 27 42 19 13 3 14 30 20 41 12 12 19 20 41 29 0 20 18 28 42 17 9 19 0 5 28 16 32 0 13 36 2 0 19 39 37 24 35 36 20 21 10 20 20 16 20 42 19 34 15 35 2 22 12 3 11 5 1 9 2 25 10 38 2 10 12 0 16 2 4 19 18 2 32 33 25 2 2 2 1 2 8 9 3 12 2 42 36 12 2 2 0 25 10 14 7 9 39 34 41 24 9 3 2 2 2 11 31 16 3 0 2 12 17 0 36 37 26 7 15 0 11 12 4 2 26 42 16 19 31 10 28 34 8 3 2 14 24 9 5 25 2 3 38 21 11 9 2 27 34 17 7 8 39 39 1 0 24 3 39 2 24 16 4 14 0 28 21 13 33 29 10 16 28 42 33 22 40 30 30 30 7 18 40 1 26 28 3 38 30 12 39 2 17 26 39 12 24 8 11 30 40 13 4 30 39 0 38 28 29 37 1 29 0 0 11 22 29 12 23 23 18 37 0 20 23 8 25 20 3 8 0 2 41 3 34 5 0 28 41 41 4 29 4 29 18 36 5 37 21 19 19 40 12 2 35 2 5 27 36 12 0 2 2 19 12 8 2 0 0 39 16 2 36 8 19 2 39 2 36 12 2 39 9 24 42 12 0 2 34 0 35 7 5 40 19 12 25 20 24 19 2 2 23 2 7 39 4 27 36 18 31 25 19 35 41 25 20 39 10 2 31 2 2 39 26 38 20 10 34 35 21 16 34 37 34 36 19 19 36 38 36 0 34 7 36 25 2 39 12"
68,5,-0.6992,0.9804,0.9373,-0.2896,0.1519,"9 0 21 2 12 0 8 0 12 40 2 2 35 36 26 20 2 2 7 0 12 41 16 2 22 20 11 0 41 41 5 17 32 16 7 1 4 28 33 1 11 2 14 7 3 17 9 5 4 23 2 7 25 12 0 25 3 25 19 15 12 9 12 15 28 0 2 7 28 5 42 13 20 34 0 18 7 2 13 29 2 2 37 21 16 39 32 10 31 41 35 2 33 2 25 42 17 2 38 24 36 6 12 29 20 2 27 0 1 19 31 27 28 17 41 12 0 1 20 10 23 2 2 19 12 9 20 19 10 14 18 12 0 2 19 12 19 37 2 40 38 0 9 17 19 13 19 42 20 12 27 42 19 13 3 14 30 20 41 12 12 19 20 41 29 0 20 18 28 42 17 9 19 0 5 28 16 32 0 13 36 2 0 19 39 37 24 35 36 20 21 10 20 20 16 20 42 19 34 15 35 2 22 12 3 11 5 1 9 2 25 10 38 2 10 12 0 16 2 4 19 18 2 32 33 25 2 2 2 1 2 8 9 3 12 2 42 36 12 2 2 0 25 10 14 7 9 39 34 41 24 9 3 2 2 2 11 31 16 3 0 2 12 17 0 36 37 26 7 15 0 11 12 4 2 26 42 16 19 31 10 28 34 8 3 2 14 24 9 5 25 2 3 38 21 11 9 2 27 34 17 7 8 39 39 1 0 24 3 39 2 24 16 4 14 0 28 21 13 33 29 10 16 28 42 33 22 40 30 30 30 7 18 40 1 26 28 3 38 30 12 39 2 17 26 39 12 24 8 11 30 40 13 4 30 39 0 38 28 29 37 1 29 0 0 11 22 29 12 23 23 18 37 0 20 23 8 25 20 3 8 0 2 41 3 34 5 0 28 41 41 4 29 4 29 18 36 5 37 21 19 19 40 12 2 35 2 5 27 36 12 0 2 2 19 12 8 2 0 0 39 16 2 36 8 19 2 39 2 36 12 2 39 9 24 42 12 0 2 34 0 35 7 5 40 19 12 25 20 24 19 2 2 23 2 7 39 4 27 36 18 31 25 19 35 41 25 20 39 10 2 31 2 2 39 26 38 20 10 34 35 21 16 34 37 34 36 19 19 36 38 36 0 34 7 36 25 2 39 12"
69,5,-0.6992,0.9804,0.9373,-0.2906,0.1616,"9 0 21 2 12 0 8 0 12 40 2 2 35 36 26 20 2 2 7 0 12 41 16 2 22 20 11 0 41 41 5 17 32 16 7 1 4 28 33 1 11 2 14 7 3 17 9 5 4 23 2 7 25 12 0 25 3 25 19 15 12 9 12 15 28 0 2 7 28 5 42 13 20 34 0 18 7 2 13 29 2 2 37 21 16 39 32 10 31 41 35 2 33 2 25 42 17 2 38 24 36 6 12 29 20 2 27 0 1 19 31 27 28 17 41 12 0 1 20 10 23 2 2 19 12 9 20 19 10 14 18 12 0 2 19 12 19 37 2 40 38 0 9 17 19 13 19 42 20 12 27 42 19 13 3 14 30 20 41 12 12 19 20 41 29 0 20 18 28 42 17 9 19 0 5 28 16 32 0 13 36 2 0 19 39 37 24 35 36 20 21 10 20 20 16 20 42 19 34 15 35 2 22 12 3 11 5 1 9 2 25 10 38 2 10 12 0 16 2 4 19 18 2 32 33 25 2 2 2 1 2 8 9 3 12 2 42 36 12 2 2 0 25 10 14 7 9 39 34 41 24 9 3 2 2 2 11 31 16 3 0 2 12 17 0 36 37 26 7 15 0 11 12 4 2 26 42 16 19 31 10 28 34 8 3 2 14 24 9 5 25 2 3 38 21 11 9 2 27 34 17 7 8 39 39 1 0 24 3 39 2 24 16 4 14 0 28 21 13 33 29 10 16 28 42 33 22 40 30 30 30 7 18 40 1 26 28 3 38 30 12 39 2 17 26 39 12 24 8 11 30 40 13 4 30 39 0 38 28 29 37 1 29 0 0 11 22 29 12 23 23 18 37 0 20 23 8 25 20 3 8 0 2 41 3 34 5 0 28 41 41 4 29 4 29 18 36 5 37 21 19 19 40 12 2 35 2 5 27 36 12 0 2 2 19 12 8 2 0 0 39 16 2 36 8 19 2 39 2 36 12 2 39 9 24 42 12 0 2 34 0 35 7 5 40 19 12 25 20 24 19 2 2 23 2 7 39 4 27 36 18 31 25 19 35 41 25 20 39 10 2 31 2 2 39 26 38 20 10 34 35 21 16 34 37 34 36 19 19 36 38 36 0 34 7 36 25 2 39 12"
70,5,-0.6992,0.9804,0.9373,-0.2901,0.1769,"9 0 21 2 12 0 8 0 12 40 2 2 35 36 26 20 2 2 7 0 12 41 16 2 22 20 11 0 41 41 5 17 32 16 7 1 4 28 33 1 11 2 14 7 3 17 9 5 4 23 2 7 25 12 0 25 3 25 19 15 12 9 12 15 28 0 2 7 28 5 42 13 20 34 0 18 7 2 13 29 2 2 37 21 16 39 32 10 31 41 35 2 33 2 25 42 17 2 38 24 36 6 12 29 20 2 27 0 1 19 31 27 28 17 41 12 0 1 20 10 23 2 2 19 12 9 20 19 10 14 18 12 0 2 19 12 19 37 2 40 38 0 9 17 19 13 19 42 20 12 27 42 19 13 3 14 30 20 41 12 12 19 20 41 29 0 20 18 28 42 17 9 19 0 5 28 16 32 0 13 36 2 0 19 39 37 24 35 36 20 21 10 20 20 16 20 42 19 34 15 35 2 22 12 3 11 5 1 9 2 25 10 38 2 10 12 0 16 2 4 19 18 2 32 33 25 2 2 2 1 2 8 9 3 12 2 42 36 12 2 2 0 25 10 14 7 9 39 34 41 24 9 3 2 2 2 11 31 16 3 0 2 12 17 0 36 37 26 7 15 0 11 12 4 2 26 42 16 19 31 10 28 34 8 3 2 14 24 9 5 25 2 3 38 21 11 9 2 27 34 17 7 8 39 39 1 0 24 3 39 2 24 16 4 14 0 28 21 13 33 29 10 16 28 42 33 22 40 30 30 30 7 18 40 1 26 28 3 38 30 12 39 2 17 26 39 12 24 8 11 30 40 13 4 30 39 0 38 28 29 37 1 29 0 0 11 22 29 12 23 23 18 37 0 20 23 8 25 20 3 8 0 2 41 3 34 5 0 28 41 41 4 29 4 29 18 36 5 37 21 19 19 40 12 2 35 2 5 27 36 12 0 2 2 19 12 8 2 0 0 39 16 2 36 8 19 2 39 2 36 12 2 39 9 24 42 12 0 2 34 0 35 7 5 40 19 12 25 20 24 19 2 2 23 2 7 39 4 27 36 18 31 25 19 35 41 25 20 39 10 2 31 2 2 39 26 38 20 10 34 35 21 16 34 37 34 36 19 19 36 38 36 0 34 7 36 25 2 39 12"
71,5,-0.6992,0.9804,0.9373,-0.2876,0.1750,"9 0 21 2 12 0 8 0 12 40 2 2 35 36 26 20 2 2 7 0 12 41 16 2 22 20 11 0 41 41 5 17 32 16 7 1 4 28 33 1 11 2 14 7 3 17 9 5 4 23 2 7 25 12 0 25 3 25 19 15 12 9 12 15 28 0 2 7 28 5 42 13 20 34 0 18 7 2 13 29 2 2 37 21 16 39 32 10 31 41 35 2 33 2 25 42 17 2 38 24 36 6 12 29 20 2 27 0 1 19 31 27 28 17 41 12 0 1 20 10 23 2 2 19 12 9 20 19 10 14 18 12 0 2 19 12 19 37 2 40 38 0 9 17 19 13 19 42 20 12 27 42 19 13 3 14 30 20 41 12 12 19 20 41 29 0 20 18 28 42 17 9 19 0 5 28 16 32 0 13 36 2 0 19 39 37 24 35 36 20 21 10 20 20 16 20 42 19 34 15 35 2 22 12 3 11 5 1 9 2 25 10 38 2 10 12 0 16 2 4 19 18 2 32 33 25 2 2 2 1 2 8 9 3 12 2 42 36 12 2 2 0 25 10 14 7 9 39 34 41 24 9 3 2 2 2 11 31 16 3 0 2 12 17 0 36 37 26 7 15 0 11 12 4 2 26 42 16 19 31 10 28 34 8 3 2 14 24 9 5 25 2 3 38 21 11 9 2 27 34 17 7 8 39 39 1 0 24 3 39 2 24 16 4 14 0 28 21 13 33 29 10 16 28 42 33 22 40 30 30 30 7 18 40 1 26 28 3 38 30 12 39 2 17 26 39 12 24 8 11 30 40 13 4 30 39 0 38 28 29 37 1 29 0 0 11 22 29 12 23 23 18 37 0 20 23 8 25 20 3 8 0 2 41 3 34 5 0 28 41 41 4 29 4 29 18 36 5 37 21 19 19 40 12 2 35 2 5 27 36 12 0 2 2 19 12 8 2 0 0 39 16 2 36 8 19 2 39 2 36 12 2 39 9 24 42 12 0 2 34 0 35 7 5 40 19 12 25 20 24 19 2 2 23 2 7 39 4 27 36 18 31 25 19 35 41 25 20 39 10 2 31 2 2 39 26 38 20 10 34 35 21 16 34 37 34 36 19 19 36 38 36 0 34 7 36 25 2 39 12"
72,5,-0.6992,0.9804,0.9373,-0.2906,0.1933,"9 0 21 2 12 0 8 0 12 40 2 2 35 36 26 20 2 2 7 0 12 41 16 2 22 20 11 0 41 41 5 17 32 16 7 1 4 28 33 1 11 2 14 7 3 17 9 5 4 23 2 7 25 12 0 25 3 25 19 15 12 9 12 15 28 0 2 7 28 5 42 13 20 34 0 18 7 2 13 29 2 2 37 21 16 39 32 10 31 41 35 2 33 2 25 42 17 2 38 24 36 6 12 29 20 2 27 0 1 19 31 27 28 17 41 12 0 1 20 10 23 2 2 19 12 9 20 19 10 14 18 12 0 2 19 12 19 37 2 40 38 0 9 17 19 13 19 42 20 12 27 42 19 13 3 14 30 20 41 12 12 19 20 41 29 0 20 18 28 42 17 9 19 0 5 28 16 32 0 13 36 2 0 19 39 37 24 35 36 20 21 10 20 20 16 20 42 19 34 15 35 2 22 12 3 11 5 1 9 2 25 10 38 2 10 12 0 16 2 4 19 18 2 32 33 25 2 2 2 1 2 8 9 3 12 2 42 36 12 2 2 0 25 10 14 7 9 39 34 41 24 9 3 2 2 2 11 31 16 3 0 2 12 17 0 36 37 26 7 15 0 11 12 4 2 26 42 16 19 31 10 28 34 8 3 2 14 24 9 5 25 2 3 38 21 11 9 2 27 34 17 7 8 39 39 1 0 24 3 39 2 24 16 4 14 0 28 21 13 33 29 10 16 28 42 33 22 40 30 30 30 7 18 40 1 26 28 3 38 30 12 39 2 17 26 39 12 24 8 11 30 40 13 4 30 39 0 38 28 29 37 1 29 0 0 11 22 29 12 23 23 18 37 0 20 23 8 25 20 3 8 0 2 41 3 34 5 0 28 41 41 4 29 4 29 18 36 5 37 21 19 19 40 12 2 35 2 5 27 36 12 0 2 2 19 12 8 2 0 0 39 16 2 36 8 19 2 39 2 36 12 2 39 9 24 42 12 0 2 34 0 35 7 5 40 19 12 25 20 24 19 2 2 23 2 7 39 4 27 36 18 31 25 19 35 41 25 20 39 10 2 31 2 2 39 26 38 20 10 34 35 21 16 34 37 34 36 19 19 36 38 36 0 34 7 36 25 2 39 12"
73,5,-0.6992,0.9804,0.9373,-0.2908,0.1771,"9 0 21 2 12 0 8 0 12 40 2 2 35 36 26 20 2 2 7 0 12 41 16 2 22 20 11 0 41 41 5 17 32 16 7 1 4 28 33 1 11 2 14 7 3 17 9 5 4 23 2 7 25 12 0 25 3 25 19 15 12 9 12 15 28 0 2 7 28 5 42 13 20 34 0 18 7 2 13 29 2 2 37 21 16 39 32 10 31 41 35 2 33 2 25 42 17 2 38 24 36 6 12 29 20 2 27 0 1 19 31 27 28 17 41 12 0 1 20 10 23 2 2 19 12 9 20 19 10 14 18 12 0 2 19 12 19 37 2 40 38 0 9 17 19 13 19 42 20 12 27 42 19 13 3 14 30 20 41 12 12 19 20 41 29 0 20 18 28 42 17 9 19 0 5 28 16 32 0 13 36 2 0 19 39 37 24 35 36 20 21 10 20 20 16 20 42 19 34 15 35 2 22 12 3 11 5 1 9 2 25 10 38 2 10 12 0 16 2 4 19 18 2 32 33 25 2 2 2 1 2 8 9 3 12 2 42 36 12 2 2 0 25 10 14 7 9 39 34 41 24 9 3 2 2 2 11 31 16 3 0 2 12 17 0 36 37 26 7 15 0 11 12 4 2 26 42 16 19 31 10 28 34 8 3 2 14 24 9 5 25 2 3 38 21 11 9 2 27 34 17 7 8 39 39 1 0 24 3 39 2 24 16 4 14 0 28 21 13 33 29 10 16 28 42 33 22 40 30 30 30 7 18 40 1 26 28 3 38 30 12 39 2 17 26 39 12 24 8 11 30 40 13 4 30 39 0 38 28 29 37 1 29 0 0 11 22 29 12 23 23 18 37 0 20 23 8 25 20 3 8 0 2 41 3 34 5 0 28 41 41 4 29 4 29 18 36 5 37 21 19 19 40 12 2 35 2 5 27 36 12 0 2 2 19 12 8 2 0 0 39 16 2 36 8 19 2 39 2 36 12 2 39 9 24 42 12 0 2 34 0 35 7 5 40 19 12 25 20 24 19 2 2 23 2 7 39 4 27 36 18 31 25 19 35 41 25 20 39 10 2 31 2 2 39 26 38 20 10 34 35 21 16 34 37 34 36 19 19 36 38 36 0 34 7 36 25 2 39 12"
74,5,-0.6992,0.9804,0.9373,-0.2895,0.1524,"9 0 21 2 12 0 8 0 12 40 2 2 35 36 26 20 2 2 7 0 12 41 16 2 22 20 11 0 41 41 5 17 32 16 7 1 4 28 33 1 11 2 14 7 3 17 9 5 4 23 2 7 25 12 0 25 3 25 19 15 12 9 12 15 28 0 2 7 28 5 42 13 20 34 0 18 7 2 13 29 2 2 37 21 16 39 32 10 31 41 35 2 33 2 25 42 17 2 38 24 36 6 12 29 20 2 27 0 1 19 31 27 28 17 41 12 0 1 20 10 23 2 2 19 12 9 20 19 10 14 18 12 0 2 19 12 19 37 2 40 38 0 9 17 19 13 19 42 20 12 27 42 19 13 3 14 30 20 41 12 12 19 20 41 29 0 20 18 28 42 17 9 19 0 5 28 16 32 0 13 36 2 0 19 39 37 24 35 36 20 21 10 20 20 16 20 42 19 34 15 35 2 22 12 3 11 5 1 9 2 25 10 38 2 10 12 0 16 2 4 19 18 2 32 33 25 2 2 2 1 2 8 9 3 12 2 42 36 12 2 2 0 25 10 14 7 9 39 34 41 24 9 3 2 2 2 11 31 16 3 0 2 12 17 0 36 37 26 7 15 0 11 12 4 2 26 42 16 19 31 10 28 34 8 3 2 14 24 9 5 25 2 3 38 21 11 9 2 27 34 17 7 8 39 39 1 0 24 3 39 2 24 16 4 14 0 28 21 13 33 29 10 16 28 42 33 22 40 30 30 30 7 18 40 1 26 28 3 38 30 12 39 2 17 26 39 12 24 8 11 30 40 13 4 30 39 0 38 28 29 37 1 29 0 0 11 22 29 12 23 23 18 37 0 20 23 8 25 20 3 8 0 2 41 3 34 5 0 28 41 41 4 29 4 29 18 36 5 37 21 19 19 40 12 2 35 2 5 27 36 12 0 2 2 19 12 8 2 0 0 39 16 2 36 8 19 2 39 2 36 12 2 39 9 24 42 12 0 2 34 0 35 7 5 40 19 12 25 20 24 19 2 2 23 2 7 39 4 27 36 18 31 25 19 35 41 25 20 39 10 2 31 2 2 39 26 38 20 10 34 35 21 16 34 37 34 36 19 19 36 38 36 0 34 7 36 25 2 39 12"
75,5,-0.6992,0.9804,0.9373,-0.2894,0.1724,"9 0 21 2 12 0 8 0 12 40 2 2 35 36 26 20 2 2 7 0 12 41 16 2 22 20 11 0 41 41 5 17 32 16 7 1 4 28 33 1 11 2 14 7 3 17 9 5 4 23 2 7 25 12 0 25 3 25 19 15 12 9 12 15 28 0 2 7 28 5 42 13 20 34 0 18 7 2 13 29 2 2 37 21 16 39 32 10 31 41 35 2 33 2 25 42 17 2 38 24 36 6 12 29 20 2 27 0 1 19 31 27 28 17 41 12 0 1 20 10 23 2 2 19 12 9 20 19 10 14 18 12 0 2 19 12 19 37 2 40 38 0 9 17 19 13 19 42 20 12 27 42 19 13 3 14 30 20 41 12 12 19 20 41 29 0 20 18 28 42 17 9 19 0 5 28 16 32 0 13 36 2 0 19 39 37 24 35 36 20 21 10 20 20 16 20 42 19 34 15 35 2 22 12 3 11 5 1 9 2 25 10 38 2 10 12 0 16 2 4 19 18 2 32 33 25 2 2 2 1 2 8 9 3 12 2 42 36 12 2 2 0 25 10 14 7 9 39 34 41 24 9 3 2 2 2 11 31 16 3 0 2 12 17 0 36 37 26 7 15 0 11 12 4 2 26 42 16 19 31 10 28 34 8 3 2 14 24 9 5 25 2 3 38 21 11 9 2 27 34 17 7 8 39 39 1 0 24 3 39 2 24 16 4 14 0 28 21 13 33 29 10 16 28 42 33 22 40 30 30 30 7 18 40 1 26 28 3 38 30 12 39 2 17 26 39 12 24 8 11 30 40 13 4 30 39 0 38 28 29 37 1 29 0 0 11 22 29 12 23 23 18 37 0 20 23 8 25 20 3 8 0 2 41 3 34 5 0 28 41 41 4 29 4 29 18 36 5 37 21 19 19 40 12 2 35 2 5 27 36 12 0 2 2 19 12 8 2 0 0 39 16 2 36 8 19 2 39 2 36 12 2 39 9 24 42 12 0 2 34 0 35 7 5 40 19 12 25 20 24 19 2 2 23 2 7 39 4 27 36 18 31 25 19 35 41 25 20 39 10 2 31 2 2 39 26 38 20 10 34 35 21 16 34 37 34 36 19 19 36 38 36 0 34 7 36 25 2 39 12"
76,5,-0.6992,0.9804,0.9373,-0.2891,0.1546,"9 0 21 2 12 0 8 0 12 40 2 2 35 36 26 20 2 2 7 0 12 41 16 2 22 20 11 0 41 41 5 17 32 16 7 1 4 28 33 1 11 2 14 7 3 17 9 5 4 23 2 7 25 12 0 25 3 25 19 15 12 9 12 15 28 0 2 7 28 5 42 13 20 34 0 18 7 2 13 29 2 2 37 21 16 39 32 10 31 41 35 2 33 2 25 42 17 2 38 24 36 6 12 29 20 2 27 0 1 19 31 27 28 17 41 12 0 1 20 10 23 2 2 19 12 9 20 19 10 14 18 12 0 2 19 12 19 37 2 40 38 0 9 17 19 13 19 42 20 12 27 42 19 13 3 14 30 20 41 12 12 19 20 41 29 0 20 18 28 42 17 9 19 0 5 28 16 32 0 13 36 2 0 19 39 37 24 35 36 20 21 10 20 20 16 20 42 19 34 15 35 2 22 12 3 11 5 1 9 2 25 10 38 2 10 12 0 16 2 4 19 18 2 32 33 25 2 2 2 1 2 8 9 3 12 2 42 36 12 2 2 0 25 10 14 7 9 39 34 41 24 9 3 2 2 2 11 31 16 3 0 2 12 17 0 36 37 26 7 15 0 11 12 4 2 26 42 16 19 31 10 28 34 8 3 2 14 24 9 5 25 2 3 38 21 11 9 2 27 34 17 7 8 39 39 1 0 24 3 39 2 24 16 4 14 0 28 21 13 33 29 10 16 28 42 33 22 40 30 30 30 7 18 40 1 26 28 3 38 30 12 39 2 17 26 39 12 24 8 11 30 40 13 4 30 39 0 38 28 29 37 1 29 0 0 11 22 29 12 23 23 18 37 0 20 23 8 25 20 3 8 0 2 41 3 34 5 0 28 41 41 4 29 4 29 18 36 5 37 21 19 19 40 12 2 35 2 5 27 36 12 0 2 2 19 12 8 2 0 0 39 16 2 36 8 19 2 39 2 36 12 2 39 9 24 42 12 0 2 34 0 35 7 5 40 19 12 25 20 24 19 2 2 23 2 7 39 4 27 36 18 31 25 19 35 41 25 20 39 10 2 31 2 2 39 26 38 20 10 34 35 21 16 34 37 34 36 19 19 36 38 36 0 34 7 36 25 2 39 12"
77,5,-0.6992,0.9804,0.9373,-0.2891,0.1555,"9 0 21 2 12 0 8 0 12 40 2 2 35 36 26 20 2 2 7 0 12 41 16 2 22 20 11 0 41 41 5 17 32 16 7 1 4 28 33 1 11 2 14 7 3 17 9 5 4 23 2 7 25 12 0 25 3 25 19 15 12 9 12 15 28 0 2 7 28 5 42 13 20 34 0 18 7 2 13 29 2 2 37 21 16 39 32 10 31 41 35 2 33 2 25 42 17 2 38 24 36 6 12 29 20 2 27 0 1 19 31 27 28 17 41 12 0 1 20 10 23 2 2 19 12 9 20 19 10 14 18 12 0 2 19 12 19 37 2 40 38 0 9 17 19 13 19 42 20 12 27 42 19 13 3 14 30 20 41 12 12 19 20 41 29 0 20 18 28 42 17 9 19 0 5 28 16 32 0 13 36 2 0 19 39 37 24 35 36 20 21 10 20 20 16 20 42 19 34 15 35 2 22 12 3 11 5 1 9 2 25 10 38 2 10 12 0 16 2 4 19 18 2 32 33 25 2 2 2 1 2 8 9 3 12 2 42 36 12 2 2 0 25 10 14 7 9 39 34 41 24 9 3 2 2 2 11 31 16 3 0 2 12 17 0 36 37 26 7 15 0 11 12 4 2 26 42 16 19 31 10 28 34 8 3 2 14 24 9 5 25 2 3 38 21 11 9 2 27 34 17 7 8 39 39 1 0 24 3 39 2 24 16 4 14 0 28 21 13 33 29 10 16 28 42 33 22 40 30 30 30 7 18 40 1 26 28 3 38 30 12 39 2 17 26 39 12 24 8 11 30 40 13 4 30 39 0 38 28 29 37 1 29 0 0 11 22 29 12 23 23 18 37 0 20 23 8 25 20 3 8 0 2 41 3 34 5 0 28 41 41 4 29 4 29 18 36 5 37 21 19 19 40 12 2 35 2 5 27 36 12 0 2 2 19 12 8 2 0 0 39 16 2 36 8 19 2 39 2 36 12 2 39 9 24 42 12 0 2 34 0 35 7 5 40 19 12 25 20 24 19 2 2 23 2 7 39 4 27 36 18 31 25 19 35 41 25 20 39 10 2 31 2 2 39 26 38 20 10 34 35 21 16 34 37 34 36 19 19 36 38 36 0 34 7 36 25 2 39 12"
78,5,-0.6992,0.9804,0.9373,-0.2893,0.1619,"9 0 21 2 12 0 8 0 12 40 2 2 35 36 26 20 2 2 7 0 12 41 16 2 22 20 11 0 41 41 5 17 32 16 7 1 4 28 33 1 11 2 14 7 3 17 9 5 4 23 2 7 25 12 0 25 3 25 19 15 12 9 12 15 28 0 2 7 28 5 42 13 20 34 0 18 7 2 13 29 2 2 37 21 16 39 32 10 31 41 35 2 33 2 25 42 17 2 38 24 36 6 12 29 20 2 27 0 1 19 31 27 28 17 41 12 0 1 20 10 23 2 2 19 12 9 20 19 10 14 18 12 0 2 19 12 19 37 2 40 38 0 9 17 19 13 19 42 20 12 27 42 19 13 3 14 30 20 41 12 12 19 20 41 29 0 20 18 28 42 17 9 19 0 5 28 16 32 0 13 36 2 0 19 39 37 24 35 36 20 21 10 20 20 16 20 42 19 34 15 35 2 22 12 3 11 5 1 9 2 25 10 38 2 10 12 0 16 2 4 19 18 2 32 33 25 2 2 2 1 2 8 9 3 12 2 42 36 12 2 2 0 25 10 14 7 9 39 34 41 24 9 3 2 2 2 11 31 16 3 0 2 12 17 0 36 37 26 7 15 0 11 12 4 2 26 42 16 19 31 10 28 34 8 3 2 14 24 9 5 25 2 3 38 21 11 9 2 27 34 17 7 8 39 39 1 0 24 3 39 2 24 16 4 14 0 28 21 13 33 29 10 16 28 42 33 22 40 30 30 30 7 18 40 1 26 28 3 38 30 12 39 2 17 26 39 12 24 8 11 30 40 13 4 30 39 0 38 28 29 37 1 29 0 0 11 22 29 12 23 23 18 37 0 20 23 8 25 20 3 8 0 2 41 3 34 5 0 28 41 41 4 29 4 29 18 36 5 37 21 19 19 40 12 2 35 2 5 27 36 12 0 2 2 19 12 8 2 0 0 39 16 2 36 8 19 2 39 2 36 12 2 39 9 24 42 12 0 2 34 0 35 7 5 40 19 12 25 20 24 19 2 2 23 2 7 39 4 27 36 18 31 25 19 35 41 25 20 39 10 2 31 2 2 39 26 38 20 10 34 35 21 16 34 37 34 36 19 19 36 38 36 0 34 7 36 25 2 39 12"
79,5,-0.6992,0.9804,0.9373,-0.2931,0.1635,"9 0 21 2 12 0 8 0 12 40 2 2 35 36 26 20 2 2 7 0 12 41 16 2 22 20 11 0 41 41 5 17 32 16 7 1 4 28 33 1 11 2 14 7 3 17 9 5 4 23 2 7 25 12 0 25 3 25 19 15 12 9 12 15 28 0 2 7 28 5 42 13 20 34 0 18 7 2 13 29 2 2 37 21 16 39 32 10 31 41 35 2 33 2 25 42 17 2 38 24 36 6 12 29 20 2 27 0 1 19 31 27 28 17 41 12 0 1 20 10 23 2 2 19 12 9 20 19 10 14 18 12 0 2 19 12 19 37 2 40 38 0 9 17 19 13 19 42 20 12 27 42 19 13 3 14 30 20 41 12 12 19 20 41 29 0 20 18 28 42 17 9 19 0 5 28 16 32 0 13 36 2 0 19 39 37 24 35 36 20 21 10 20 20 16 20 42 19 34 15 35 2 22 12 3 11 5 1 9 2 25 10 38 2 10 12 0 16 2 4 19 18 2 32 33 25 2 2 2 1 2 8 9 3 12 2 42 36 12 2 2 0 25 10 14 7 9 39 34 41 24 9 3 2 2 2 11 31 16 3 0 2 12 17 0 36 37 26 7 15 0 11 12 4 2 26 42 16 19 31 10 28 34 8 3 2 14 24 9 5 25 2 3 38 21 11 9 2 27 34 17 7 8 39 39 1 0 24 3 39 2 24 16 4 14 0 28 21 13 33 29 10 16 28 42 33 22 40 30 30 30 7 18 40 1 26 28 3 38 30 12 39 2 17 26 39 12 24 8 11 30 40 13 4 30 39 0 38 28 29 37 1 29 0 0 11 22 29 12 23 23 18 37 0 20 23 8 25 20 3 8 0 2 41 3 34 5 0 28 41 41 4 29 4 29 18 36 5 37 21 19 19 40 12 2 35 2 5 27 36 12 0 2 2 19 12 8 2 0 0 39 16 2 36 8 19 2 39 2 36 12 2 39 9 24 42 12 0 2 34 0 35 7 5 40 19 12 25 20 24 19 2 2 23 2 7 39 4 27 36 18 31 25 19 35 41 25 20 39 10 2 31 2 2 39 26 38 20 10 34 35 21 16 34 37 34 36 19 19 36 38 36 0 34 7 36 25 2 39 12"
80,5,-0.6992,0.9804,0.9373,-0.2895,0.1701,"9 0 21 2 12 0 8 0 12 40 2 2 35 36 26 20 2 2 7 0 12 41 16 2 22 20 11 0 41 41 5 17 32 16 7 1 4 28 33 1 11 2 14 7 3 17 9 5 4 23 2 7 25 12 0 25 3 25 19 15 12 9 12 15 28 0 2 7 28 5 42 13 20 34 0 18 7 2 13 29 2 2 37 21 16 39 32 10 31 41 35 2 33 2 25 42 17 2 38 24 36 6 12 29 20 2 27 0 1 19 31 27 28 17 41 12 0 1 20 10 23 2 2 19 12 9 20 19 10 14 18 12 0 2 19 12 19 37 2 40 38 0 9 17 19 13 19 42 20 12 27 42 19 13 3 14 30 20 41 12 12 19 20 41 29 0 20 18 28 42 17 9 19 0 5 28 16 32 0 13 36 2 0 19 39 37 24 35 36 20 21 10 20 20 16 20 42 19 34 15 35 2 22 12 3 11 5 1 9 2 25 10 38 2 10 12 0 16 2 4 19 18 2 32 33 25 2 2 2 1 2 8 9 3 12 2 42 36 12 2 2 0 25 10 14 7 9 39 34 41 24 9 3 2 2 2 11 31 16 3 0 2 12 17 0 36 37 26 7 15 0 11 12 4 2 26 42 16 19 31 10 28 34 8 3 2 14 24 9 5 25 2 3 38 21 11 9 2 27 34 17 7 8 39 39 1 0 24 3 39 2 24 16 4 14 0 28 21 13 33 29 10 16 28 42 33 22 40 30 30 30 7 18 40 1 26 28 3 38 30 12 39 2 17 26 39 12 24 8 11 30 40 13 4 30 39 0 38 28 29 37 1 29 0 0 11 22 29 12 23 23 18 37 0 20 23 8 25 20 3 8 0 2 41 3 34 5 0 28 41 41 4 29 4 29 18 36 5 37 21 19 19 40 12 2 35 2 5 27 36 12 0 2 2 19 12 8 2 0 0 39 16 2 36 8 19 2 39 2 36 12 2 39 9 24 42 12 0 2 34 0 35 7 5 40 19 12 25 20 24 19 2 2 23 2 7 39 4 27 36 18 31 25 19 35 41 25 20 39 10 2 31 2 2 39 26 38 20 10 34 35 21 16 34 37 34 36 19 19 36 38 36 0 34 7 36 25 2 39 12"
81,5,-0.6992,0.9804,0.9373,-0.2909,0.1757,"9 0 21 2 12 0 8 0 12 40 2 2 35 36 26 20 2 2 7 0 12 41 16 2 22 20 11 0 41 41 5 17 32 16 7 1 4 28 33 1 11 2 14 7 3 17 9 5 4 23 2 7 25 12 0 25 3 25 19 15 12 9 12 15 28 0 2 7 28 5 42 13 20 34 0 18 7 2 13 29 2 2 37 21 16 39 32 10 31 41 35 2 33 2 25 42 17 2 38 24 36 6 12 29 20 2 27 0 1 19 31 27 28 17 41 12 0 1 20 10 23 2 2 19 12 9 20 19 10 14 18 12 0 2 19 12 19 37 2 40 38 0 9 17 19 13 19 42 20 12 27 42 19 13 3 14 30 20 41 12 12 19 20 41 29 0 20 18 28 42 17 9 19 0 5 28 16 32 0 13 36 2 0 19 39 37 24 35 36 20 21 10 20 20 16 20 42 19 34 15 35 2 22 12 3 11 5 1 9 2 25 10 38 2 10 12 0 16 2 4 19 18 2 32 33 25 2 2 2 1 2 8 9 3 12 2 42 36 12 2 2 0 25 10 14 7 9 39 34 41 24 9 3 2 2 2 11 31 16 3 0 2 12 17 0 36 37 26 7 15 0 11 12 4 2 26 42 16 19 31 10 28 34 8 3 2 14 24 9 5 25 2 3 38 21 11 9 2 27 34 17 7 8 39 39 1 0 24 3 39 2 24 16 4 14 0 28 21 13 33 29 10 16 28 42 33 22 40 30 30 30 7 18 40 1 26 28 3 38 30 12 39 2 17 26 39 12 24 8 11 30 40 13 4 30 39 0 38 28 29 37 1 29 0 0 11 22 29 12 23 23 18 37 0 20 23 8 25 20 3 8 0 2 41 3 34 5 0 28 41 41 4 29 4 29 18 36 5 37 21 19 19 40 12 2 35 2 5 27 36 12 0 2 2 19 12 8 2 0 0 39 16 2 36 8 19 2 39 2 36 12 2 39 9 24 42 12 0 2 34 0 35 7 5 40 19 12 25 20 24 19 2 2 23 2 7 39 4 27 36 18 31 25 19 35 41 25 20 39 10 2 31 2 2 39 26 38 20 10 34 35 21 16 34 37 34 36 19 19 36 38 36 0 34 7 36 25 2 39 12"
82,5,-0.6992,0.9804,0.9373,-0.2911,0.1709,"9 0 21 2 12 0 8 0 12 40 2 2 35 36 26 20 2 2 7 0 12 41 16 2 22 20 11 0 41 41 5 17 32 16 7 1 4 28 33 1 11 2 14 7 3 17 9 5 4 23 2 7 25 12 0 25 3 25 19 15 12 9 12 15 28 0 2 7 28 5 42 13 20 34 0 18 7 2 13 29 2 2 37 21 16 39 32 10 31 41 35 2 33 2 25 42 17 2 38 24 36 6 12 29 20 2 27 0 1 19 31 27 28 17 41 12 0 1 20 10 23 2 2 19 12 9 20 19 10 14 18 12 0 2 19 12 19 37 2 40 38 0 9 17 19 13 19 42 20 12 27 42 19 13 3 14 30 20 41 12 12 19 20 41 29 0 20 18 28 42 17 9 19 0 5 28 16 32 0 13 36 2 0 19 39 37 24 35 36 20 21 10 20 20 16 20 42 19 34 15 35 2 22 12 3 11 5 1 9 2 25 10 38 2 10 12 0 16 2 4 19 18 2 32 33 25 2 2 2 1 2 8 9 3 12 2 42 36 12 2 2 0 25 10 14 7 9 39 34 41 24 9 3 2 2 2 11 31 16 3 0 2 12 17 0 36 37 26 7 15 0 11 12 4 2 26 42 16 19 31 10 28 34 8 3 2 14 24 9 5 25 2 3 38 21 11 9 2 27 34 17 7 8 39 39 1 0 24 3 39 2 24 16 4 14 0 28 21 13 33 29 10 16 28 42 33 22 40 30 30 30 7 18 40 1 26 28 3 38 30 12 39 2 17 26 39 12 24 8 11 30 40 13 4 30 39 0 38 28 29 37 1 29 0 0 11 22 29 12 23 23 18 37 0 20 23 8 25 20 3 8 0 2 41 3 34 5 0 28 41 41 4 29 4 29 18 36 5 37 21 19 19 40 12 2 35 2 5 27 36 12 0 2 2 19 12 8 2 0 0 39 16 2 36 8 19 2 39 2 36 12 2 39 9 24 42 12 0 2 34 0 35 7 5 40 19 12 25 20 24 19 2 2 23 2 7 39 4 27 36 18 31 25 19 35 41 25 20 39 10 2 31 2 2 39 26 38 20 10 34 35 21 16 34 37 34 36 19 19 36 38 36 0 34 7 36 25 2 39 12"
83,5,-0.6992,0.9804,0.9373,-0.2928,0.1702,"9 0 21 2 12 0 8 0 12 40 2 2 35 36 26 20 2 2 7 0 12 41 16 2 22 20 11 0 41 41 5 17 32 16 7 1 4 28 33 1 11 2 14 7 3 17 9 5 4 23 2 7 25 12 0 25 3 25 19 15 12 9 12 15 28 0 2 7 28 5 42 13 20 34 0 18 7 2 13 29 2 2 37 21 16 39 32 10 31 41 35 2 33 2 25 42 17 2 38 24 36 6 12 29 20 2 27 0 1 19 31 27 28 17 41 12 0 1 20 10 23 2 2 19 12 9 20 19 10 14 18 12 0 2 19 12 19 37 2 40 38 0 9 17 19 13 19 42 20 12 27 42 19 13 3 14 30 20 41 12 12 19 20 41 29 0 20 18 28 42 17 9 19 0 5 28 16 32 0 13 36 2 0 19 39 37 24 35 36 20 21 10 20 20 16 20 42 19 34 15 35 2 22 12 3 11 5 1 9 2 25 10 38 2 10 12 0 16 2 4 19 18 2 32 33 25 2 2 2 1 2 8 9 3 12 2 42 36 12 2 2 0 25 10 14 7 9 39 34 41 24 9 3 2 2 2 11 31 16 3 0 2 12 17 0 36 37 26 7 15 0 11 12 4 2 26 42 16 19 31 10 28 34 8 3 2 14 24 9 5 25 2 3 38 21 11 9 2 27 34 17 7 8 39 39 1 0 24 3 39 2 24 16 4 14 0 28 21 13 33 29 10 16 28 42 33 22 40 30 30 30 7 18 40 1 26 28 3 38 30 12 39 2 17 26 39 12 24 8 11 30 40 13 4 30 39 0 38 28 29 37 1 29 0 0 11 22 29 12 23 23 18 37 0 20 23 8 25 20 3 8 0 2 41 3 34 5 0 28 41 41 4 29 4 29 18 36 5 37 21 19 19 40 12 2 35 2 5 27 36 12 0 2 2 19 12 8 2 0 0 39 16 2 36 8 19 2 39 2 36 12 2 39 9 24 42 12 0 2 34 0 35 7 5 40 19 12 25 20 24 19 2 2 23 2 7 39 4 27 36 18 31 25 19 35 41 25 20 39 10 2 31 2 2 39 26 38 20 10 34 35 21 16 34 37 34 36 19 19 36 38 36 0 34 7 36 25 2 39 12"
84,5,-0.6992,0.9804,0.9373,-0.2900,0.1637,"9 0 21 2 12 0 8 0 12 40 2 2 35 36 26 20 2 2 7 0 12 41 16 2 22 20 11 0 41 41 5 17 32 16 7 1 4 28 33 1 11 2 14 7 3 17 9 5 4 23 2 7 25 12 0 25 3 25 19 15 12 9 12 15 28 0 2 7 28 5 42 13 20 34 0 18 7 2 13 29 2 2 37 21 16 39 32 10 31 41 35 2 33 2 25 42 17 2 38 24 36 6 12 29 20 2 27 0 1 19 31 27 28 17 41 12 0 1 20 10 23 2 2 19 12 9 20 19 10 14 18 12 0 2 19 12 19 37 2 40 38 0 9 17 19 13 19 42 20 12 27 42 19 13 3 14 30 20 41 12 12 19 20 41 29 0 20 18 28 42 17 9 19 0 5 28 16 32 0 13 36 2 0 19 39 37 24 35 36 20 21 10 20 20 16 20 42 19 34 15 35 2 22 12 3 11 5 1 9 2 25 10 38 2 10 12 0 16 2 4 19 18 2 32 33 25 2 2 2 1 2 8 9 3 12 2 42 36 12 2 2 0 25 10 14 7 9 39 34 41 24 9 3 2 2 2 11 31 16 3 0 2 12 17 0 36 37 26 7 15 0 11 12 4 2 26 42 16 19 31 10 28 34 8 3 2 14 24 9 5 25 2 3 38 21 11 9 2 27 34 17 7 8 39 39 1 0 24 3 39 2 24 16 4 14 0 28 21 13 33 29 10 16 28 42 33 22 40 30 30 30 7 18 40 1 26 28 3 38 30 12 39 2 17 26 39 12 24 8 11 30 40 13 4 30 39 0 38 28 29 37 1 29 0 0 11 22 29 12 23 23 18 37 0 20 23 8 25 20 3 8 0 2 41 3 34 5 0 28 41 41 4 29 4 29 18 36 5 37 21 19 19 40 12 2 35 2 5 27 36 12 0 2 2 19 12 8 2 0 0 39 16 2 36 8 19 2 39 2 36 12 2 39 9 24 42 12 0 2 34 0 35 7 5 40 19 12 25 20 24 19 2 2 23 2 7 39 4 27 36 18 31 25 19 35 41 25 20 39 10 2 31 2 2 39 26 38 20 10 34 35 21 16 34 37 34 36 19 19 36 38 36 0 34 7 36 25 2 39 12"
85,5,-0.6992,0.9804,0.9373,-0.2871,0.1855,"9 0 21 2 12 0 8 0 12 40 2 2 35 36 26 20 2 2 7 0 12 41 16 2 22 20 11 0 41 41 5 17 32 16 7 1 4 28 33 1 11 2 14 7 3 17 9 5 4 23 2 7 25 12 0 25 3 25 19 15 12 9 12 15 28 0 2 7 28 5 42 13 20 34 0 18 7 2 13 29 2 2 37 21 16 39 32 10 31 41 35 2 33 2 25 42 17 2 38 24 36 6 12 29 20 2 27 0 1 19 31 27 28 17 41 12 0 1 20 10 23 2 2 19 12 9 20 19 10 14 18 12 0 2 19 12 19 37 2 40 38 0 9 17 19 13 19 42 20 12 27 42 19 13 3 14 30 20 41 12 12 19 20 41 29 0 20 18 28 42 17 9 19 0 5 28 16 32 0 13 36 2 0 19 39 37 24 35 36 20 21 10 20 20 16 20 42 19 34 15 35 2 22 12 3 11 5 1 9 2 25 10 38 2 10 12 0 16 2 4 19 18 2 32 33 25 2 2 2 1 2 8 9 3 12 2 42 36 12 2 2 0 25 10 14 7 9 39 34 41 24 9 3 2 2 2 11 31 16 3 0 2 12 17 0 36 37 26 7 15 0 11 12 4 2 26 42 16 19 31 10 28 34 8 3 2 14 24 9 5 25 2 3 38 21 11 9 2 27 34 17 7 8 39 39 1 0 24 3 39 2 24 16 4 14 0 28 21 13 33 29 10 16 28 42 33 22 40 30 30 30 7 18 40 1 26 28 3 38 30 12 39 2 17 26 39 12 24 8 11 30 40 13 4 30 39 0 38 28 29 37 1 29 0 0 11 22 29 12 23 23 18 37 0 20 23 8 25 20 3 8 0 2 41 3 34 5 0 28 41 41 4 29 4 29 18 36 5 37 21 19 19 40 12 2 35 2 5 27 36 12 0 2 2 19 12 8 2 0 0 39 16 2 36 8 19 2 39 2 36 12 2 39 9 24 42 12 0 2 34 0 35 7 5 40 19 12 25 20 24 19 2 2 23 2 7 39 4 27 36 18 31 25 19 35 41 25 20 39 10 2 31 2 2 39 26 38 20 10 34 35 21 16 34 37 34 36 19 19 36 38 36 0 34 7 36 25 2 39 12"
86,5,-0.6992,0.9804,0.9373,-0.2857,0.1791,"9 0 21 2 12 0 8 0 12 40 2 2 35 36 26 20 2 2 7 0 12 41 16 2 22 20 11 0 41 41 5 17 32 16 7 1 4 28 33 1 11 2 14 7 3 17 9 5 4 23 2 7 25 12 0 25 3 25 19 15 12 9 12 15 28 0 2 7 28 5 42 13 20 34 0 18 7 2 13 29 2 2 37 21 16 39 32 10 31 41 35 2 33 2 25 42 17 2 38 24 36 6 12 29 20 2 27 0 1 19 31 27 28 17 41 12 0 1 20 10 23 2 2 19 12 9 20 19 10 14 18 12 0 2 19 12 19 37 2 40 38 0 9 17 19 13 19 42 20 12 27 42 19 13 3 14 30 20 41 12 12 19 20 41 29 0 20 18 28 42 17 9 19 0 5 28 16 32 0 13 36 2 0 19 39 37 24 35 36 20 21 10 20 20 16 20 42 19 34 15 35 2 22 12 3 11 5 1 9 2 25 10 38 2 10 12 0 16 2 4 19 18 2 32 33 25 2 2 2 1 2 8 9 3 12 2 42 36 12 2 2 0 25 10 14 7 9 39 34 41 24 9 3 2 2 2 11 31 16 3 0 2 12 17 0 36 37 26 7 15 0 11 12 4 2 26 42 16 19 31 10 28 34 8 3 2 14 24 9 5 25 2 3 38 21 11 9 2 27 34 17 7 8 39 39 1 0 24 3 39 2 24 16 4 14 0 28 21 13 33 29 10 16 28 42 33 22 40 30 30 30 7 18 40 1 26 28 3 38 30 12 39 2 17 26 39 12 24 8 11 30 40 13 4 30 39 0 38 28 29 37 1 29 0 0 11 22 29 12 23 23 18 37 0 20 23 8 25 20 3 8 0 2 41 3 34 5 0 28 41 41 4 29 4 29 18 36 5 37 21 19 19 40 12 2 35 2 5 27 36 12 0 2 2 19 12 8 2 0 0 39 16 2 36 8 19 2 39 2 36 12 2 39 9 24 42 12 0 2 34 0 35 7 5 40 19 12 25 20 24 19 2 2 23 2 7 39 4 27 36 18 31 25 19 35 41 25 20 39 10 2 31 2 2 39 26 38 20 10 34 35 21 16 34 37 34 36 19 19 36 38 36 0 34 7 36 25 2 39 12"
87,5,-0.6992,0.9804,0.9373,-0.2886,0.1558,"9 0 21 2 12 0 8 0 12 40 2 2 35 36 26 20 2 2 7 0 12 41 16 2 22 20 11 0 41 41 5 17 32 16 7 1 4 28 33 1 11 2 14 7 3 17 9 5 4 23 2 7 25 12 0 25 3 25 19 15 12 9 12 15 28 0 2 7 28 5 42 13 20 34 0 18 7 2 13 29 2 2 37 21 16 39 32 10 31 41 35 2 33 2 25 42 17 2 38 24 36 6 12 29 20 2 27 0 1 19 31 27 28 17 41 12 0 1 20 10 23 2 2 19 12 9 20 19 10 14 18 12 0 2 19 12 19 37 2 40 38 0 9 17 19 13 19 42 20 12 27 42 19 13 3 14 30 20 41 12 12 19 20 41 29 0 20 18 28 42 17 9 19 0 5 28 16 32 0 13 36 2 0 19 39 37 24 35 36 20 21 10 20 20 16 20 42 19 34 15 35 2 22 12 3 11 5 1 9 2 25 10 38 2 10 12 0 16 2 4 19 18 2 32 33 25 2 2 2 1 2 8 9 3 12 2 42 36 12 2 2 0 25 10 14 7 9 39 34 41 24 9 3 2 2 2 11 31 16 3 0 2 12 17 0 36 37 26 7 15 0 11 12 4 2 26 42 16 19 31 10 28 34 8 3 2 14 24 9 5 25 2 3 38 21 11 9 2 27 34 17 7 8 39 39 1 0 24 3 39 2 24 16 4 14 0 28 21 13 33 29 10 16 28 42 33 22 40 30 30 30 7 18 40 1 26 28 3 38 30 12 39 2 17 26 39 12 24 8 11 30 40 13 4 30 39 0 38 28 29 37 1 29 0 0 11 22 29 12 23 23 18 37 0 20 23 8 25 20 3 8 0 2 41 3 34 5 0 28 41 41 4 29 4 29 18 36 5 37 21 19 19 40 12 2 35 2 5 27 36 12 0 2 2 19 12 8 2 0 0 39 16 2 36 8 19 2 39 2 36 12 2 39 9 24 42 12 0 2 34 0 35 7 5 40 19 12 25 20 24 19 2 2 23 2 7 39 4 27 36 18 31 25 19 35 41 25 20 39 10 2 31 2 2 39 26 38 20 10 34 35 21 16 34 37 34 36 19 19 36 38 36 0 34 7 36 25 2 39 12"
88,5,-0.6992,0.9804,0.9373,-0.2916,0.1630,"9 0 21 2 12 0 8 0 12 40 2 2 35 36 26 20 2 2 7 0 12 41 16 2 22 20 11 0 41 41 5 17 32 16 7 1 4 28 33 1 11 2 14 7 3 17 9 5 4 23 2 7 25 12 0 25 3 25 19 15 12 9 12 15 28 0 2 7 28 5 42 13 20 34 0 18 7 2 13 29 2 2 37 21 16 39 32 10 31 41 35 2 33 2 25 42 17 2 38 24 36 6 12 29 20 2 27 0 1 19 31 27 28 17 41 12 0 1 20 10 23 2 2 19 12 9 20 19 10 14 18 12 0 2 19 12 19 37 2 40 38 0 9 17 19 13 19 42 20 12 27 42 19 13 3 14 30 20 41 12 12 19 20 41 29 0 20 18 28 42 17 9 19 0 5 28 16 32 0 13 36 2 0 19 39 37 24 35 36 20 21 10 20 20 16 20 42 19 34 15 35 2 22 12 3 11 5 1 9 2 25 10 38 2 10 12 0 16 2 4 19 18 2 32 33 25 2 2 2 1 2 8 9 3 12 2 42 36 12 2 2 0 25 10 14 7 9 39 34 41 24 9 3 2 2 2 11 31 16 3 0 2 12 17 0 36 37 26 7 15 0 11 12 4 2 26 42 16 19 31 10 28 34 8 3 2 14 24 9 5 25 2 3 38 21 11 9 2 27 34 17 7 8 39 39 1 0 24 3 39 2 24 16 4 14 0 28 21 13 33 29 10 16 28 42 33 22 40 30 30 30 7 18 40 1 26 28 3 38 30 12 39 2 17 26 39 12 24 8 11 30 40 13 4 30 39 0 38 28 29 37 1 29 0 0 11 22 29 12 23 23 18 37 0 20 23 8 25 20 3 8 0 2 41 3 34 5 0 28 41 41 4 29 4 29 18 36 5 37 21 19 19 40 12 2 35 2 5 27 36 12 0 2 2 19 12 8 2 0 0 39 16 2 36 8 19 2 39 2 36 12 2 39 9 24 42 12 0 2 34 0 35 7 5 40 19 12 25 20 24 19 2 2 23 2 7 39 4 27 36 18 31 25 19 35 41 25 20 39 10 2 31 2 2 39 26 38 20 10 34 35 21 16 34 37 34 36 19 19 36 38 36 0 34 7 36 25 2 39 12"
89,5,-0.6992,0.9804,0.9373,-0.2868,0.1663,"9 0 21 2 12 0 8 0 12 40 2 2 35 36 26 20 2 2 7 0 12 41 16 2 22 20 11 0 41 41 5 17 32 16 7 1 4 28 33 1 11 2 14 7 3 17 9 5 4 23 2 7 25 12 0 25 3 25 19 15 12 9 12 15 28 0 2 7 28 5 42 13 20 34 0 18 7 2 13 29 2 2 37 21 16 39 32 10 31 41 35 2 33 2 25 42 17 2 38 24 36 6 12 29 20 2 27 0 1 19 31 27 28 17 41 12 0 1 20 10 23 2 2 19 12 9 20 19 10 14 18 12 0 2 19 12 19 37 2 40 38 0 9 17 19 13 19 42 20 12 27 42 19 13 3 14 30 20 41 12 12 19 20 41 29 0 20 18 28 42 17 9 19 0 5 28 16 32 0 13 36 2 0 19 39 37 24 35 36 20 21 10 20 20 16 20 42 19 34 15 35 2 22 12 3 11 5 1 9 2 25 10 38 2 10 12 0 16 2 4 19 18 2 32 33 25 2 2 2 1 2 8 9 3 12 2 42 36 12 2 2 0 25 10 14 7 9 39 34 41 24 9 3 2 2 2 11 31 16 3 0 2 12 17 0 36 37 26 7 15 0 11 12 4 2 26 42 16 19 31 10 28 34 8 3 2 14 24 9 5 25 2 3 38 21 11 9 2 27 34 17 7 8 39 39 1 0 24 3 39 2 24 16 4 14 0 28 21 13 33 29 10 16 28 42 33 22 40 30 30 30 7 18 40 1 26 28 3 38 30 12 39 2 17 26 39 12 24 8 11 30 40 13 4 30 39 0 38 28 29 37 1 29 0 0 11 22 29 12 23 23 18 37 0 20 23 8 25 20 3 8 0 2 41 3 34 5 0 28 41 41 4 29 4 29 18 36 5 37 21 19 19 40 12 2 35 2 5 27 36 12 0 2 2 19 12 8 2 0 0 39 16 2 36 8 19 2 39 2 36 12 2 39 9 24 42 12 0 2 34 0 35 7 5 40 19 12 25 20 24 19 2 2 23 2 7 39 4 27 36 18 31 25 19 35 41 25 20 39 10 2 31 2 2 39 26 38 20 10 34 35 21 16 34 37 34 36 19 19 36 38 36 0 34 7 36 25 2 39 12"
90,5,-0.6992,0.9804,0.9373,-0.2905,0.1575,"9 0 21 2 12 0 8 0 12 40 2 2 35 36 26 20 2 2 7 0 12 41 16 2 22 20 11 0 41 41 5 17 32 16 7 1 4 28 33 1 11 2 14 7 3 17 9 5 4 23 2 7 25 12 0 25 3 25 19 15 12 9 12 15 28 0 2 7 28 5 42 13 20 34 0 18 7 2 13 29 2 2 37 21 16 39 32 10 31 41 35 2 33 2 25 42 17 2 38 24 36 6 12 29 20 2 27 0 1 19 31 27 28 17 41 12 0 1 20 10 23 2 2 19 12 9 20 19 10 14 18 12 0 2 19 12 19 37 2 40 38 0 9 17 19 13 19 42 20 12 27 42 19 13 3 14 30 20 41 12 12 19 20 41 29 0 20 18 28 42 17 9 19 0 5 28 16 32 0 13 36 2 0 19 39 37 24 35 36 20 21 10 20 20 16 20 42 19 34 15 35 2 22 12 3 11 5 1 9 2 25 10 38 2 10 12 0 16 2 4 19 18 2 32 33 25 2 2 2 1 2 8 9 3 12 2 42 36 12 2 2 0 25 10 14 7 9 39 34 41 24 9 3 2 2 2 11 31 16 3 0 2 12 17 0 36 37 26 7 15 0 11 12 4 2 26 42 16 19 31 10 28 34 8 3 2 14 24 9 5 25 2 3 38 21 11 9 2 27 34 17 7 8 39 39 1 0 24 3 39 2 24 16 4 14 0 28 21 13 33 29 10 16 28 42 33 22 40 30 30 30 7 18 40 1 26 28 3 38 30 12 39 2 17 26 39 12 24 8 11 30 40 13 4 30 39 0 38 28 29 37 1 29 0 0 11 22 29 12 23 23 18 37 0 20 23 8 25 20 3 8 0 2 41 3 34 5 0 28 41 41 4 29 4 29 18 36 5 37 21 19 19 40 12 2 35 2 5 27 36 12 0 2 2 19 12 8 2 0 0 39 16 2 36 8 19 2 39 2 36 12 2 39 9 24 42 12 0 2 34 0 35 7 5 40 19 12 25 20 24 19 2 2 23 2 7 39 4 27 36 18 31 25 19 35 41 25 20 39 10 2 31 2 2 39 26 38 20 10 34 35 21 16 34 37 34 36 19 19 36 38 36 0 34 7 36 25 2 39 12"
91,5,-0.6992,0.9804,0.9373,-0.2898,0.1598,"9 0 21 2 12 0 8 0 12 40 2 2 35 36 26 20 2 2 7 0 12 41 16 2 22 20 11 0 41 41 5 17 32 16 7 1 4 28 33 1 11 2 14 7 3 17 9 5 4 23 2 7 25 12 0 25 3 25 19 15 12 9 12 15 28 0 2 7 28 5 42 13 20 34 0 18 7 2 13 29 2 2 37 21 16 39 32 10 31 41 35 2 33 2 25 42 17 2 38 24 36 6 12 29 20 2 27 0 1 19 31 27 28 17 41 12 0 1 20 10 23 2 2 19 12 9 20 19 10 14 18 12 0 2 19 12 19 37 2 40 38 0 9 17 19 13 19 42 20 12 27 42 19 13 3 14 30 20 41 12 12 19 20 41 29 0 20 18 28 42 17 9 19 0 5 28 16 32 0 13 36 2 0 19 39 37 24 35 36 20 21 10 20 20 16 20 42 19 34 15 35 2 22 12 3 11 5 1 9 2 25 10 38 2 10 12 0 16 2 4 19 18 2 32 33 25 2 2 2 1 2 8 9 3 12 2 42 36 12 2 2 0 25 10 14 7 9 39 34 41 24 9 3 2 2 2 11 31 16 3 0 2 12 17 0 36 37 26 7 15 0 11 12 4 2 26 42 16 19 31 10 28 34 8 3 2 14 24 9 5 25 2 3 38 21 11 9 2 27 34 17 7 8 39 39 1 0 24 3 39 2 24 16 4 14 0 28 21 13 33 29 10 16 28 42 33 22 40 30 30 30 7 18 40 1 26 28 3 38 30 12 39 2 17 26 39 12 24 8 11 30 40 13 4 30 39 0 38 28 29 37 1 29 0 0 11 22 29 12 23 23 18 37 0 20 23 8 25 20 3 8 0 2 41 3 34 5 0 28 41 41 4 29 4 29 18 36 5 37 21 19 19 40 12 2 35 2 5 27 36 12 0 2 2 19 12 8 2 0 0 39 16 2 36 8 19 2 39 2 36 12 2 39 9 24 42 12 0 2 34 0 35 7 5 40 19 12 25 20 24 19 2 2 23 2 7 39 4 27 36 18 31 25 19 35 41 25 20 39 10 2 31 2 2 39 26 38 20 10 34 35 21 16 34 37 34 36 19 19 36 38 36 0 34 7 36 25 2 39 12"
92,6,-0.7074,1.0000,0.9752,-0.2922,0.1683,"12 0 21 2 25 0 8 0 12 13 2 2 35 25 39 20 37 2 7 0 12 3 16 2 25 0 11 0 41 41 5 17 32 41 7 1 6 28 33 1 11 2 25 7 3 0 9 5 4 25 2 7 25 4 3 25 3 25 19 15 12 12 2 12 27 0 2 7 28 0 42 13 20 34 0 18 7 2 13 29 2 3 2 21 26 39 32 39 0 41 35 26 33 25 2 42 25 2 27 24 7 33 39 26 12 20 17 39 9 30 12 20 39 27 12 1 19 28 39 25 12 19 39 25 27 32 33 19 39 12 19 19 26 25 25 26 20 29 38 39 12 25 12 12 39 20 6 25 30 26 12 26 26 26 39 0 39 33 12 20 25 20 25 0 27 39 25 12 25 0 19 0 33 39 6 12 33 32 20 11 27 0 25 12 19 20 20 32 39 39 26 32 28 25 26 39 26 39 12 25 35 2 22 14 0 0 2 1 7 2 25 10 3 2 7 12 0 16 2 4 19 18 2 12 33 25 3 2 2 1 7 8 9 5 2 2 42 36 0 8 2 0 7 0 14 7 0 39 34 41 0 3 3 2 2 2 8 13 12 3 0 2 12 17 0 40 37 7 7 15 0 11 12 4 2 12 2 16 19 0 8 28 34 7 8 2 2 41 7 8 25 2 3 38 21 11 3 2 27 0 2 12 5 34 33 33 12 24 2 39 2 24 2 4 14 0 12 2 39 41 0 0 2 35 33 12 36 40 30 31 39 12 18 40 1 26 42 3 2 32 12 2 2 17 12 41 2 24 8 0 12 12 2 4 30 34 0 0 36 29 37 12 2 0 12 2 2 3 42 2 31 0 39 13 0 23 0 0 20 2 33 0 2 41 0 34 36 0 39 35 33 33 12 3 2 42 36 2 37 21 0 8 0 12 2 2 18 2 27 2 2 0 2 2 7 2 8 2 12 0 12 16 2 2 2 19 18 2 2 36 7 5 2 12 24 3 0 0 2 2 18 42 2 5 18 40 12 0 3 0 8 41 18 7 2 39 2 2 2 41 2 31 25 19 8 41 2 2 39 18 2 17 2 3 39 2 38 2 39 2 35 2 2 5 37 34 36 8 18 36 2 2 0 2 0 36 2 4 0 12"
93,6,-0.7074,1.0000,0.9752,-0.2901,0.1629,"12 0 21 2 25 0 8 0 12 13 2 2 35 25 39 20 37 2 7 0 12 3 16 2 25 0 11 0 41 41 5 17 32 41 7 1 6 28 33 1 11 2 25 7 3 0 9 5 4 25 2 7 25 4 3 25 3 25 19 15 12 12 2 12 27 0 2 7 28 0 42 13 20 34 0 18 7 2 13 29 2 3 2 21 26 39 32 39 0 41 35 26 33 25 2 42 25 2 27 24 7 33 39 26 12 20 17 39 9 30 12 20 39 27 12 1 19 28 39 25 12 19 39 25 27 32 33 19 39 12 19 19 26 25 25 26 20 29 38 39 12 25 12 12 39 20 6 25 30 26 12 26 26 26 39 0 39 33 12 20 25 20 25 0 27 39 25 12 25 0 19 0 33 39 6 12 33 32 20 11 27 0 25 12 19 20 20 32 39 39 26 32 28 25 26 39 26 39 12 25 35 2 22 14 0 0 2 1 7 2 25 10 3 2 7 12 0 16 2 4 19 18 2 12 33 25 3 2 2 1 7 8 9 5 2 2 42 36 0 8 2 0 7 0 14 7 0 39 34 41 0 3 3 2 2 2 8 13 12 3 0 2 12 17 0 40 37 7 7 15 0 11 12 4 2 12 2 16 19 0 8 28 34 7 8 2 2 41 7 8 25 2 3 38 21 11 3 2 27 0 2 12 5 34 33 33 12 24 2 39 2 24 2 4 14 0 12 2 39 41 0 0 2 35 33 12 36 40 30 31 39 12 18 40 1 26 42 3 2 32 12 2 2 17 12 41 2 24 8 0 12 12 2 4 30 34 0 0 36 29 37 12 2 0 12 2 2 3 42 2 31 0 39 13 0 23 0 0 20 2 33 0 2 41 0 34 36 0 39 35 33 33 12 3 2 42 36 2 37 21 0 8 0 12 2 2 18 2 27 2 2 0 2 2 7 2 8 2 12 0 12 16 2 2 2 19 18 2 2 36 7 5 2 12 24 3 0 0 2 2 18 42 2 5 18 40 12 0 3 0 8 41 18 7 2 39 2 2 2 41 2 31 25 19 8 41 2 2 39 18 2 17 2 3 39 2 38 2 39 2 35 2 2 5 37 34 36 8 18 36 2 2 0 2 0 36 2 4 0 12"
94,6,-0.7074,1.0000,0.9752,-0.2894,0.1647,"12 0 21 2 25 0 8 0 12 13 2 2 35 25 39 20 37 2 7 0 12 3 16 2 25 0 11 0 41 41 5 17 32 41 7 1 6 28 33 1 11 2 25 7 3 0 9 5 4 25 2 7 25 4 3 25 3 25 19 15 12 12 2 12 27 0 2 7 28 0 42 13 20 34 0 18 7 2 13 29 2 3 2 21 26 39 32 39 0 41 35 26 33 25 2 42 25 2 27 24 7 33 39 26 12 20 17 39 9 30 12 20 39 27 12 1 19 28 39 25 12 19 39 25 27 32 33 19 39 12 19 19 26 25 25 26 20 29 38 39 12 25 12 12 39 20 6 25 30 26 12 26 26 26 39 0 39 33 12 20 25 20 25 0 27 39 25 12 25 0 19 0 33 39 6 12 33 32 20 11 27 0 25 12 19 20 20 32 39 39 26 32 28 25 26 39 26 39 12 25 35 2 22 14 0 0 2 1 7 2 25 10 3 2 7 12 0 16 2 4 19 18 2 12 33 25 3 2 2 1 7 8 9 5 2 2 42 36 0 8 2 0 7 0 14 7 0 39 34 41 0 3 3 2 2 2 8 13 12 3 0 2 12 17 0 40 37 7 7 15 0 11 12 4 2 12 2 16 19 0 8 28 34 7 8 2 2 41 7 8 25 2 3 38 21 11 3 2 27 0 2 12 5 34 33 33 12 24 2 39 2 24 2 4 14 0 12 2 39 41 0 0 2 35 33 12 36 40 30 31 39 12 18 40 1 26 42 3 2 32 12 2 2 17 12 41 2 24 8 0 12 12 2 4 30 34 0 0 36 29 37 12 2 0 12 2 2 3 42 2 31 0 39 13 0 23 0 0 20 2 33 0 2 41 0 34 36 0 39 35 33 33 12 3 2 42 36 2 37 21 0 8 0 12 2 2 18 2 27 2 2 0 2 2 7 2 8 2 12 0 12 16 2 2 2 19 18 2 2 36 7 5 2 12 24 3 0 0 2 2 18 42 2 5 18 40 12 0 3 0 8 41 18 7 2 39 2 2 2 41 2 31 25 19 8 41 2 2 39 18 2 17 2 3 39 2 38 2 39 2 35 2 2 5 37 34 36 8 18 36 2 2 0 2 0 36 2 4 0 12"
95,6,-0.7074,1.0000,0.9752,-0.2895,0.1388,"12 0 21 2 25 0 8 0 12 13 2 2 35 25 39 20 37 2 7 0 12 3 16 2 25 0 11 0 41 41 5 17 32 41 7 1 6 28 33 1 11 2 25 7 3 0 9 5 4 25 2 7 25 4 3 25 3 25 19 15 12 12 2 12 27 0 2 7 28 0 42 13 20 34 0 18 7 2 13 29 2 3 2 21 26 39 32 39 0 41 35 26 33 25 2 42 25 2 27 24 7 33 39 26 12 20 17 39 9 30 12 20 39 27 12 1 19 28 39 25 12 19 39 25 27 32 33 19 39 12 19 19 26 25 25 26 20 29 38 39 12 25 12 12 39 20 6 25 30 26 12 26 26 26 39 0 39 33 12 20 25 20 25 0 27 39 25 12 25 0 19 0 33 39 6 12 33 32 20 11 27 0 25 12 19 20 20 32 39 39 26 32 28 25 26 39 26 39 12 25 35 2 22 14 0 0 2 1 7 2 25 10 3 2 7 12 0 16 2 4 19 18 2 12 33 25 3 2 2 1 7 8 9 5 2 2 42 36 0 8 2 0 7 0 14 7 0 39 34 41 0 3 3 2 2 2 8 13 12 3 0 2 12 17 0 40 37 7 7 15 0 11 12 4 2 12 2 16 19 0 8 28 34 7 8 2 2 41 7 8 25 2 3 38 21 11 3 2 27 0 2 12 5 34 33 33 12 24 2 39 2 24 2 4 14 0 12 2 39 41 0 0 2 35 33 12 36 40 30 31 39 12 18 40 1 26 42 3 2 32 12 2 2 17 12 41 2 24 8 0 12 12 2 4 30 34 0 0 36 29 37 12 2 0 12 2 2 3 42 2 31 0 39 13 0 23 0 0 20 2 33 0 2 41 0 34 36 0 39 35 33 33 12 3 2 42 36 2 37 21 0 8 0 12 2 2 18 2 27 2 2 0 2 2 7 2 8 2 12 0 12 16 2 2 2 19 18 2 2 36 7 5 2 12 24 3 0 0 2 2 18 42 2 5 18 40 12 0 3 0 8 41 18 7 2 39 2 2 2 41 2 31 25 19 8 41 2 2 39 18 2 17 2 3 39 2 38 2 39 2 35 2 2 5 37 34 36 8 18 36 2 2 0 2 0 36 2 4 0 12"
96,6,-0.7074,1.0000,0.9752,-0.2905,0.1727,"12 0 21 2 25 0 8 0 12 13 2 2 35 25 39 20 37 2 7 0 12 3 16 2 25 0 11 0 41 41 5 17 32 41 7 1 6 28 33 1 11 2 25 7 3 0 9 5 4 25 2 7 25 4 3 25 3 25 19 15 12 12 2 12 27 0 2 7 28 0 42 13 20 34 0 18 7 2 13 29 2 3 2 21 26 39 32 39 0 41 35 26 33 25 2 42 25 2 27 24 7 33 39 26 12 20 17 39 9 30 12 20 39 27 12 1 19 28 39 25 12 19 39 25 27 32 33 19 39 12 19 19 26 25 25 26 20 29 38 39 12 25 12 12 39 20 6 25 30 26 12 26 26 26 39 0 39 33 12 20 25 20 25 0 27 39 25 12 25 0 19 0 33 39 6 12 33 32 20 11 27 0 25 12 19 20 20 32 39 39 26 32 28 25 26 39 26 39 12 25 35 2 22 14 0 0 2 1 7 2 25 10 3 2 7 12 0 16 2 4 19 18 2 12 33 25 3 2 2 1 7 8 9 5 2 2 42 36 0 8 2 0 7 0 14 7 0 39 34 41 0 3 3 2 2 2 8 13 12 3 0 2 12 17 0 40 37 7 7 15 0 11 12 4 2 12 2 16 19 0 8 28 34 7 8 2 2 41 7 8 25 2 3 38 21 11 3 2 27 0 2 12 5 34 33 33 12 24 2 39 2 24 2 4 14 0 12 2 39 41 0 0 2 35 33 12 36 40 30 31 39 12 18 40 1 26 42 3 2 32 12 2 2 17 12 41 2 24 8 0 12 12 2 4 30 34 0 0 36 29 37 12 2 0 12 2 2 3 42 2 31 0 39 13 0 23 0 0 20 2 33 0 2 41 0 34 36 0 39 35 33 33 12 3 2 42 36 2 37 21 0 8 0 12 2 2 18 2 27 2 2 0 2 2 7 2 8 2 12 0 12 16 2 2 2 19 18 2 2 36 7 5 2 12 24 3 0 0 2 2 18 42 2 5 18 40 12 0 3 0 8 41 18 7 2 39 2 2 2 41 2 31 25 19 8 41 2 2 39 18 2 17 2 3 39 2 38 2 39 2 35 2 2 5 37 34 36 8 18 36 2 2 0 2 0 36 2 4 0 12"
97,6,-0.7074,1.0000,0.9752,-0.2904,0.1709,"12 0 21 2 25 0 8 0 12 13 2 2 35 25 39 20 37 2 7 0 12 3 16 2 25 0 11 0 41 41 5 17 32 41 7 1 6 28 33 1 11 2 25 7 3 0 9 5 4 25 2 7 25 4 3 25 3 25 19 15 12 12 2 12 27 0 2 7 28 0 42 13 20 34 0 18 7 2 13 29 2 3 2 21 26 39 32 39 0 41 35 26 33 25 2 42 25 2 27 24 7 33 39 26 12 20 17 39 9 30 12 20 39 27 12 1 19 28 39 25 12 19 39 25 27 32 33 19 39 12 19 19 26 25 25 26 20 29 38 39 12 25 12 12 39 20 6 25 30 26 12 26 26 26 39 0 39 33 12 20 25 20 25 0 27 39 25 12 25 0 19 0 33 39 6 12 33 32 20 11 27 0 25 12 19 20 20 32 39 39 26 32 28 25 26 39 26 39 12 25 35 2 22 14 0 0 2 1 7 2 25 10 3 2 7 12 0 16 2 4 19 18 2 12 33 25 3 2 2 1 7 8 9 5 2 2 42 36 0 8 2 0 7 0 14 7 0 39 34 41 0 3 3 2 2 2 8 13 12 3 0 2 12 17 0 40 37 7 7 15 0 11 12 4 2 12 2 16 19 0 8 28 34 7 8 2 2 41 7 8 25 2 3 38 21 11 3 2 27 0 2 12 5 34 33 33 12 24 2 39 2 24 2 4 14 0 12 2 39 41 0 0 2 35 33 12 36 40 30 31 39 12 18 40 1 26 42 3 2 32 12 2 2 17 12 41 2 24 8 0 12 12 2 4 30 34 0 0 36 29 37 12 2 0 12 2 2 3 42 2 31 0 39 13 0 23 0 0 20 2 33 0 2 41 0 34 36 0 39 35 33 33 12 3 2 42 36 2 37 21 0 8 0 12 2 2 18 2 27 2 2 0 2 2 7 2 8 2 12 0 12 16 2 2 2 19 18 2 2 36 7 5 2 12 24 3 0 0 2 2 18 42 2 5 18 40 12 0 3 0 8 41 18 7 2 39 2 2 2 41 2 31 25 19 8 41 2 2 39 18 2 17 2 3 39 2 38 2 39 2 35 2 2 5 37 34 36 8 18 36 2 2 0 2 0 36 2 4 0 12"
98,6,-0.7074,1.0000,0.9752,-0.2866,0.1305,"12 0 21 2 25 0 8 0 12 13 2 2 35 25 39 20 37 2 7 0 12 3 16 2 25 0 11 0 41 41 5 17 32 41 7 1 6 28 33 1 11 2 25 7 3 0 9 5 4 25 2 7 25 4 3 25 3 25 19 15 12 12 2 12 27 0 2 7 28 0 42 13 20 34 0 18 7 2 13 29 2 3 2 21 26 39 32 39 0 41 35 26 33 25 2 42 25 2 27 24 7 33 39 26 12 20 17 39 9 30 12 20 39 27 12 1 19 28 39 25 12 19 39 25 27 32 33 19 39 12 19 19 26 25 25 26 20 29 38 39 12 25 12 12 39 20 6 25 30 26 12 26 26 26 39 0 39 33 12 20 25 20 25 0 27 39 25 12 25 0 19 0 33 39 6 12 33 32 20 11 27 0 25 12 19 20 20 32 39 39 26 32 28 25 26 39 26 39 12 25 35 2 22 14 0 0 2 1 7 2 25 10 3 2 7 12 0 16 2 4 19 18 2 12 33 25 3 2 2 1 7 8 9 5 2 2 42 36 0 8 2 0 7 0 14 7 0 39 34 41 0 3 3 2 2 2 8 13 12 3 0 2 12 17 0 40 37 7 7 15 0 11 12 4 2 12 2 16 19 0 8 28 34 7 8 2 2 41 7 8 25 2 3 38 21 11 3 2 27 0 2 12 5 34 33 33 12 24 2 39 2 24 2 4 14 0 12 2 39 41 0 0 2 35 33 12 36 40 30 31 39 12 18 40 1 26 42 3 2 32 12 2 2 17 12 41 2 24 8 0 12 12 2 4 30 34 0 0 36 29 37 12 2 0 12 2 2 3 42 2 31 0 39 13 0 23 0 0 20 2 33 0 2 41 0 34 36 0 39 35 33 33 12 3 2 42 36 2 37 21 0 8 0 12 2 2 18 2 27 2 2 0 2 2 7 2 8 2 12 0 12 16 2 2 2 19 18 2 2 36 7 5 2 12 24 3 0 0 2 2 18 42 2 5 18 40 12 0 3 0 8 41 18 7 2 39 2 2 2 41 2 31 25 19 8 41 2 2 39 18 2 17 2 3 39 2 38 2 39 2 35 2 2 5 37 34 36 8 18 36 2 2 0 2 0 36 2 4 0 12"
99,6,-0.7074,1.0000,0.9752,-0.2851,0.1495,"12 0 21 2 25 0 8 0 12 13 2 2 35 25 39 20 37 2 7 0 12 3 16 2 25 0 11 0 41 41 5 17 32 41 7 1 6 28 33 1 11 2 25 7 3 0 9 5 4 25 2 7 25 4 3 25 3 25 19 15 12 12 2 12 27 0 2 7 28 0 42 13 20 34 0 18 7 2 13 29 2 3 2 21 26 39 32 39 0 41 35 26 33 25 2 42 25 2 27 24 7 33 39 26 12 20 17 39 9 30 12 20 39 27 12 1 19 28 39 25 12 19 39 25 27 32 33 19 39 12 19 19 26 25 25 26 20 29 38 39 12 25 12 12 39 20 6 25 30 26 12 26 26 26 39 0 39 33 12 20 25 20 25 0 27 39 25 12 25 0 19 0 33 39 6 12 33 32 20 11 27 0 25 12 19 20 20 32 39 39 26 32 28 25 26 39 26 39 12 25 35 2 22 14 0 0 2 1 7 2 25 10 3 2 7 12 0 16 2 4 19 18 2 12 33 25 3 2 2 1 7 8 9 5 2 2 42 36 0 8 2 0 7 0 14 7 0 39 34 41 0 3 3 2 2 2 8 13 12 3 0 2 12 17 0 40 37 7 7 15 0 11 12 4 2 12 2 16 19 0 8 28 34 7 8 2 2 41 7 8 25 2 3 38 21 11 3 2 27 0 2 12 5 34 33 33 12 24 2 39 2 24 2 4 14 0 12 2 39 41 0 0 2 35 33 12 36 40 30 31 39 12 18 40 1 26 42 3 2 32 12 2 2 17 12 41 2 24 8 0 12 12 2 4 30 34 0 0 36 29 37 12 2 0 12 2 2 3 42 2 31 0 39 13 0 23 0 0 20 2 33 0 2 41 0 34 36 0 39 35 33 33 12 3 2 42 36 2 37 21 0 8 0 12 2 2 18 2 27 2 2 0 2 2 7 2 8 2 12 0 12 16 2 2 2 19 18 2 2 36 7 5 2 12 24 3 0 0 2 2 18 42 2 5 18 40 12 0 3 0 8 41 18 7 2 39 2 2 2 41 2 31 25 19 8 41 2 2 39 18 2 17 2 3 39 2 38 2 39 2 35 2 2 5 37 34 36 8 18 36 2 2 0 2 0 36 2 4 0 12"
100,6,-0.7074,1.0000,0.9752,-0.2859,0.1392,"12 0 21 2 25 0 8 0 12 13 2 2 35 25 39 20 37 2 7 0 12 3 16 2 25 0 11 0 41 41 5 17 32 41 7 1 6 28 33 1 11 2 25 7 3 0 9 5 4 25 2 7 25 4 3 25 3 25 19 15 12 12 2 12 27 0 2 7 28 0 42 13 20 34 0 18 7 2 13 29 2 3 2 21 26 39 32 39 0 41 35 26 33 25 2 42 25 2 27 24 7 33 39 26 12 20 17 39 9 30 12 20 39 27 12 1 19 28 39 25 12 19 39 25 27 32 33 19 39 12 19 19 26 25 25 26 20 29 38 39 12 25 12 12 39 20 6 25 30 26 12 26 26 26 39 0 39 33 12 20 25 20 25 0 27 39 25 12 25 0 19 0 33 39 6 12 33 32 20 11 27 0 25 12 19 20 20 32 39 39 26 32 28 25 26 39 26 39 12 25 35 2 22 14 0 0 2 1 7 2 25 10 3 2 7 12 0 16 2 4 19 18 2 12 33 25 3 2 2 1 7 8 9 5 2 2 42 36 0 8 2 0 7 0 14 7 0 39 34 41 0 3 3 2 2 2 8 13 12 3 0 2 12 17 0 40 37 7 7 15 0 11 12 4 2 12 2 16 19 0 8 28 34 7 8 2 2 41 7 8 25 2 3 38 21 11 3 2 27 0 2 12 5 34 33 33 12 24 2 39 2 24 2 4 14 0 12 2 39 41 0 0 2 35 33 12 36 40 30 31 39 12 18 40 1 26 42 3 2 32 12 2 2 17 12 41 2 24 8 0 12 12 2 4 30 34 0 0 36 29 37 12 2 0 12 2 2 3 42 2 31 0 39 13 0 23 0 0 20 2 33 0 2 41 0 34 36 0 39 35 33 33 12 3 2 42 36 2 37 21 0 8 0 12 2 2 18 2 27 2 2 0 2 2 7 2 8 2 12 0 12 16 2 2 2 19 18 2 2 36 7 5 2 12 24 3 0 0 2 2 18 42 2 5 18 40 12 0 3 0 8 41 18 7 2 39 2 2 2 41 2 31 25 19 8 41 2 2 39 18 2 17 2 3 39 2 38 2 39 2 35 2 2 5 37 34 36 8 18 36 2 2 0 2 0 36 2 4 0 12"
# runtime_seconds=16.833
