# seed=17
# instance=BALANCED
# popSize=100
# generations=100
# crossover=BlockUniform(p=0.25)
# mutation=p0=0.02,pMin=0.002,alpha=0.9
# tournamentK=3
# elitism=3
# lambda_similarity=0.3
# fights_per_team=20
# anchors=5
gen,changes,best_fitness,best_winrate,best_similarity,avg_fitness,worst_fitness,best_genome
0,1,-0.6395,0.9167,0.9239,-0.1910,0.2540,"38 5 15 38 11 23 39 30 28 35 37 7 21 27 39 20 42 23 38 10 0 39 11 10 18 18 19 3 17 42 19 27 9 40 8 22 13 28 2 4 1 0 30 23 30 21 10 37 5 7 3 26 19 15 32 4 33 6 31 22 26 31 12 39 19 1 34 1 32 25 31 0 7 8 20 24 6 34 8 3 10 35 10 38 8 7 26 9 7 17 12 0 13 6 41 15 39 5 28 24 14 8 18 36 12 17 39 15 13 40 8 8 24 12 9 33 2 14 34 9 16 24 8 39 36 3 26 34 13 9 20 18 16 11 18 37 39 6 18 1 37 40 41 13 24 11 7 10 4 37 26 0 29 10 14 15 33 24 7 18 33 9 24 21 2 5 23 31 22 28 35 38 2 16 18 30 5 12 41 10 23 6 12 23 17 27 1 6 13 15 41 12 19 15 14 26 16 42 1 2 27 4 39 21 9 11 24 41 21 34 2 20 38 1 1 0 34 14 13 4 36 10 7 36 15 32 39 35 42 8 41 15 7 41 7 31 37 1 7 16 7 7 38 34 3 38 39 13 8 20 3 16 16 21 13 32 21 10 13 27 20 22 23 4 14 21 0 14 16 13 19 4 31 23 6 18 36 16 7 38 15 38 15 12 10 36 25 18 0 19 7 1 5 0 38 11 16 30 10 42 33 40 40 20 16 0 24 30 34 24 24 30 36 31 30 34 40 26 39 18 33 1 36 41 39 26 33 19 18 1 4 33 12 30 8 17 32 1 19 35 17 3 37 7 22 18 5 9 30 21 32 7 0 39 16 11 12 32 7 2 6 27 25 12 38 27 33 40 29 0 5 16 42 40 4 3 27 33 30 6 10 38 1 19 42 7 7 25 38 35 12 19 1 19 31 20 21 39 15 22 23 41 24 26 1 38 16 0 18 29 41 27 6 19 28 0 12 6 23 16 4 4 36 1 17 17 35 20 12 29 8 41 42 0 35 38 30 1 27 0 28 12 1 3 26 25 18 8 16 4 41 33 10 19 3 38 24 3 33 17 34 3 40 12 13 34 0 18 3 42 17 30 40 42 11 13 4 14 7 5 29 28 18 37 29 21 16 28 35 8 37 10 36 20 7 42 30 24 1 36"
1,1,-0.6395,0.9167,0.9239,-0.2295,0.2067,"38 5 15 38 11 23 39 30 28 35 37 7 21 27 39 20 42 23 38 10 0 39 11 10 18 18 19 3 17 42 19 27 9 40 8 22 13 28 2 4 1 0 30 23 30 21 10 37 5 7 3 26 19 15 32 4 33 6 31 22 26 31 12 39 19 1 34 1 32 25 31 0 7 8 20 24 6 34 8 3 10 35 10 38 8 7 26 9 7 17 12 0 13 6 41 15 39 5 28 24 14 8 18 36 12 17 39 15 13 40 8 8 24 12 9 33 2 14 34 9 16 24 8 39 36 3 26 34 13 9 20 18 16 11 18 37 39 6 18 1 37 40 41 13 24 11 7 10 4 37 26 0 29 10 14 15 33 24 7 18 33 9 24 21 2 5 23 31 22 28 35 38 2 16 18 30 5 12 41 10 23 6 12 23 17 27 1 6 13 15 41 12 19 15 14 26 16 42 1 2 27 4 39 21 9 11 24 41 21 34 2 20 38 1 1 0 34 14 13 4 36 10 7 36 15 32 39 35 42 8 41 15 7 41 7 31 37 1 7 16 7 7 38 34 3 38 39 13 8 20 3 16 16 21 13 32 21 10 13 27 20 22 23 4 14 21 0 14 16 13 19 4 31 23 6 18 36 16 7 38 15 38 15 12 10 36 25 18 0 19 7 1 5 0 38 11 16 30 10 42 33 40 40 20 16 0 24 30 34 24 24 30 36 31 30 34 40 26 39 18 33 1 36 41 39 26 33 19 18 1 4 33 12 30 8 17 32 1 19 35 17 3 37 7 22 18 5 9 30 21 32 7 0 39 16 11 12 32 7 2 6 27 25 12 38 27 33 40 29 0 5 16 42 40 4 3 27 33 30 6 10 38 1 19 42 7 7 25 38 35 12 19 1 19 31 20 21 39 15 22 23 41 24 26 1 38 16 0 18 29 41 27 6 19 28 0 12 6 23 16 4 4 36 1 17 17 35 20 12 29 8 41 42 0 35 38 30 1 27 0 28 12 1 3 26 25 18 8 16 4 41 33 10 19 3 38 24 3 33 17 34 3 40 12 13 34 0 18 3 42 17 30 40 42 11 13 4 14 7 5 29 28 18 37 29 21 16 28 35 8 37 10 36 20 7 42 30 24 1 36"
2,1,-0.6395,0.9167,0.9239,-0.2349,0.2003,"38 5 15 38 11 23 39 30 28 35 37 7 21 27 39 20 42 23 38 10 0 39 11 10 18 18 19 3 17 42 19 27 9 40 8 22 13 28 2 4 1 0 30 23 30 21 10 37 5 7 3 26 19 15 32 4 33 6 31 22 26 31 12 39 19 1 34 1 32 25 31 0 7 8 20 24 6 34 8 3 10 35 10 38 8 7 26 9 7 17 12 0 13 6 41 15 39 5 28 24 14 8 18 36 12 17 39 15 13 40 8 8 24 12 9 33 2 14 34 9 16 24 8 39 36 3 26 34 13 9 20 18 16 11 18 37 39 6 18 1 37 40 41 13 24 11 7 10 4 37 26 0 29 10 14 15 33 24 7 18 33 9 24 21 2 5 23 31 22 28 35 38 2 16 18 30 5 12 41 10 23 6 12 23 17 27 1 6 13 15 41 12 19 15 14 26 16 42 1 2 27 4 39 21 9 11 24 41 21 34 2 20 38 1 1 0 34 14 13 4 36 10 7 36 15 32 39 35 42 8 41 15 7 41 7 31 37 1 7 16 7 7 38 34 3 38 39 13 8 20 3 16 16 21 13 32 21 10 13 27 20 22 23 4 14 21 0 14 16 13 19 4 31 23 6 18 36 16 7 38 15 38 15 12 10 36 25 18 0 19 7 1 5 0 38 11 16 30 10 42 33 40 40 20 16 0 24 30 34 24 24 30 36 31 30 34 40 26 39 18 33 1 36 41 39 26 33 19 18 1 4 33 12 30 8 17 32 1 19 35 17 3 37 7 22 18 5 9 30 21 32 7 0 39 16 11 12 32 7 2 6 27 25 12 38 27 33 40 29 0 5 16 42 40 4 3 27 33 30 6 10 38 1 19 42 7 7 25 38 35 12 19 1 19 31 20 21 39 15 22 23 41 24 26 1 38 16 0 18 29 41 27 6 19 28 0 12 6 23 16 4 4 36 1 17 17 35 20 12 29 8 41 42 0 35 38 30 1 27 0 28 12 1 3 26 25 18 8 16 4 41 33 10 19 3 38 24 3 33 17 34 3 40 12 13 34 0 18 3 42 17 30 40 42 11 13 4 14 7 5 29 28 18 37 29 21 16 28 35 8 37 10 36 20 7 42 30 24 1 36"
3,2,-0.6506,0.9048,0.8471,-0.2377,0.1746,"38 5 15 38 11 23 39 30 28 35 37 7 21 27 39 20 42 23 38 10 0 39 11 10 18 18 19 3 17 42 19 27 9 40 8 22 13 28 2 4 1 0 30 23 30 21 10 37 5 7 3 26 19 15 32 4 33 6 31 22 26 31 12 39 19 1 34 1 32 25 31 0 7 8 1 24 6 34 8 3 10 35 10 38 8 7 26 9 7 17 12 0 13 6 41 15 39 5 28 24 19 39 10 39 39 30 3 39 28 16 23 30 2 30 14 9 12 24 12 28 12 2 32 8 31 24 28 36 33 42 25 5 28 18 5 10 42 27 17 38 29 4 30 28 8 16 39 39 30 39 30 39 7 28 10 40 10 9 21 24 15 41 37 26 3 23 35 29 31 0 40 13 30 26 17 40 12 17 29 15 28 29 30 33 39 13 38 37 1 28 30 23 24 19 3 41 12 27 22 12 29 17 39 12 14 12 16 39 12 18 18 17 17 0 9 27 12 3 12 12 18 17 6 0 39 12 13 18 17 12 29 9 17 27 12 17 12 17 1 30 39 20 18 12 16 15 18 39 18 18 39 12 32 30 39 18 12 18 17 18 18 17 2 36 2 18 34 18 17 12 18 14 17 18 40 17 17 18 10 18 17 17 24 17 27 18 39 18 1 12 17 28 29 41 18 11 18 18 39 12 20 7 27 19 25 4 33 39 24 39 8 0 39 27 15 19 19 27 41 19 9 20 19 0 8 19 12 6 7 26 39 8 1 24 26 34 2 20 7 5 19 12 12 0 25 39 7 2 19 20 14 2 17 26 8 39 25 20 2 0 42 25 6 12 7 19 40 12 8 12 25 8 20 26 27 6 12 14 5 2 12 19 28 2 24 27 19 25 2 26 7 34 7 8 27 25 7 25 19 25 39 41 39 24 1 30 24 12 2 29 31 12 6 12 12 33 12 12 23 30 32 4 36 1 24 17 28 12 12 31 12 30 42 30 35 12 23 12 27 0 28 12 23 21 26 25 18 15 2 12 41 39 24 33 3 12 2 29 22 17 39 39 12 32 39 2 0 28 21 42 39 30 39 23 11 21 23 2 39 28 39 30 18 2 29 21 16 12 35 12 29 21 36 23 24 42 28 29 1 32"
4,2,-0.6506,0.9048,0.8471,-0.2385,0.1845,"38 5 15 38 11 23 39 30 28 35 37 7 21 27 39 20 42 23 38 10 0 39 11 10 18 18 19 3 17 42 19 27 9 40 8 22 13 28 2 4 1 0 30 23 30 21 10 37 5 7 3 26 19 15 32 4 33 6 31 22 26 31 12 39 19 1 34 1 32 25 31 0 7 8 1 24 6 34 8 3 10 35 10 38 8 7 26 9 7 17 12 0 13 6 41 15 39 5 28 24 19 39 10 39 39 30 3 39 28 16 23 30 2 30 14 9 12 24 12 28 12 2 32 8 31 24 28 36 33 42 25 5 28 18 5 10 42 27 17 38 29 4 30 28 8 16 39 39 30 39 30 39 7 28 10 40 10 9 21 24 15 41 37 26 3 23 35 29 31 0 40 13 30 26 17 40 12 17 29 15 28 29 30 33 39 13 38 37 1 28 30 23 24 19 3 41 12 27 22 12 29 17 39 12 14 12 16 39 12 18 18 17 17 0 9 27 12 3 12 12 18 17 6 0 39 12 13 18 17 12 29 9 17 27 12 17 12 17 1 30 39 20 18 12 16 15 18 39 18 18 39 12 32 30 39 18 12 18 17 18 18 17 2 36 2 18 34 18 17 12 18 14 17 18 40 17 17 18 10 18 17 17 24 17 27 18 39 18 1 12 17 28 29 41 18 11 18 18 39 12 20 7 27 19 25 4 33 39 24 39 8 0 39 27 15 19 19 27 41 19 9 20 19 0 8 19 12 6 7 26 39 8 1 24 26 34 2 20 7 5 19 12 12 0 25 39 7 2 19 20 14 2 17 26 8 39 25 20 2 0 42 25 6 12 7 19 40 12 8 12 25 8 20 26 27 6 12 14 5 2 12 19 28 2 24 27 19 25 2 26 7 34 7 8 27 25 7 25 19 25 39 41 39 24 1 30 24 12 2 29 31 12 6 12 12 33 12 12 23 30 32 4 36 1 24 17 28 12 12 31 12 30 42 30 35 12 23 12 27 0 28 12 23 21 26 25 18 15 2 12 41 39 24 33 3 12 2 29 22 17 39 39 12 32 39 2 0 28 21 42 39 30 39 23 11 21 23 2 39 28 39 30 18 2 29 21 16 12 35 12 29 21 36 23 24 42 28 29 1 32"
5,2,-0.6506,0.9048,0.8471,-0.2349,0.2087,"38 5 15 38 11 23 39 30 28 35 37 7 21 27 39 20 42 23 38 10 0 39 11 10 18 18 19 3 17 42 19 27 9 40 8 22 13 28 2 4 1 0 30 23 30 21 10 37 5 7 3 26 19 15 32 4 33 6 31 22 26 31 12 39 19 1 34 1 32 25 31 0 7 8 1 24 6 34 8 3 10 35 10 38 8 7 26 9 7 17 12 0 13 6 41 15 39 5 28 24 19 39 10 39 39 30 3 39 28 16 23 30 2 30 14 9 12 24 12 28 12 2 32 8 31 24 28 36 33 42 25 5 28 18 5 10 42 27 17 38 29 4 30 28 8 16 39 39 30 39 30 39 7 28 10 40 10 9 21 24 15 41 37 26 3 23 35 29 31 0 40 13 30 26 17 40 12 17 29 15 28 29 30 33 39 13 38 37 1 28 30 23 24 19 3 41 12 27 22 12 29 17 39 12 14 12 16 39 12 18 18 17 17 0 9 27 12 3 12 12 18 17 6 0 39 12 13 18 17 12 29 9 17 27 12 17 12 17 1 30 39 20 18 12 16 15 18 39 18 18 39 12 32 30 39 18 12 18 17 18 18 17 2 36 2 18 34 18 17 12 18 14 17 18 40 17 17 18 10 18 17 17 24 17 27 18 39 18 1 12 17 28 29 41 18 11 18 18 39 12 20 7 27 19 25 4 33 39 24 39 8 0 39 27 15 19 19 27 41 19 9 20 19 0 8 19 12 6 7 26 39 8 1 24 26 34 2 20 7 5 19 12 12 0 25 39 7 2 19 20 14 2 17 26 8 39 25 20 2 0 42 25 6 12 7 19 40 12 8 12 25 8 20 26 27 6 12 14 5 2 12 19 28 2 24 27 19 25 2 26 7 34 7 8 27 25 7 25 19 25 39 41 39 24 1 30 24 12 2 29 31 12 6 12 12 33 12 12 23 30 32 4 36 1 24 17 28 12 12 31 12 30 42 30 35 12 23 12 27 0 28 12 23 21 26 25 18 15 2 12 41 39 24 33 3 12 2 29 22 17 39 39 12 32 39 2 0 28 21 42 39 30 39 23 11 21 23 2 39 28 39 30 18 2 29 21 16 12 35 12 29 21 36 23 24 42 28 29 1 32"
6,3,-0.6661,0.9362,0.9002,-0.2349,0.1884,"39 20 26 2 2 13 34 12 1 11 37 2 9 10 26 15 26 31 31 5 2 12 36 2 27 39 26 39 1 2 25 25 25 27 37 9 27 2 17 27 6 26 10 3 1 4 6 40 31 9 22 12 23 2 42 26 41 27 29 9 11 3 27 26 26 13 1 11 25 2 25 0 2 25 15 7 41 16 2 11 40 38 26 11 32 2 26 25 10 39 35 2 39 18 26 26 11 25 19 9 27 21 4 26 39 3 31 10 2 9 27 10 2 40 18 39 13 16 10 2 2 13 24 2 21 17 25 26 19 22 18 39 12 36 27 22 5 2 34 18 11 36 17 39 39 18 12 2 35 2 20 20 39 39 36 2 15 27 21 8 35 12 1 36 39 2 22 10 18 10 39 12 12 20 22 13 39 22 39 2 4 18 21 21 22 35 10 17 36 2 17 19 10 10 22 2 36 26 12 39 27 39 39 22 8 7 26 21 8 28 7 8 29 3 19 9 2 12 30 7 39 33 11 5 26 31 31 31 8 30 39 11 8 39 22 12 32 28 0 30 39 12 21 27 10 39 9 40 10 22 7 32 10 8 11 26 39 1 20 28 21 33 25 29 10 10 19 31 33 21 28 15 12 7 40 8 21 8 7 21 21 32 39 8 21 19 32 12 11 31 41 39 39 21 29 27 7 2 10 9 9 0 10 11 8 8 17 39 18 7 9 24 8 7 11 2 2 2 11 25 12 13 8 7 18 40 12 27 26 0 37 7 1 12 10 11 9 27 27 7 41 21 33 39 12 0 8 8 9 27 10 7 12 41 39 39 27 27 25 8 9 30 8 11 38 29 8 31 12 26 39 7 12 3 7 7 39 2 10 2 27 8 8 27 36 18 10 27 31 7 9 11 2 39 11 9 7 37 39 25 20 5 1 42 9 37 24 12 2 20 4 22 23 11 28 10 10 17 39 39 21 6 36 2 4 19 41 39 3 21 39 5 12 0 39 12 20 22 6 1 20 14 12 12 20 28 24 2 28 40 3 21 22 9 0 12 12 18 20 9 12 14 8 24 3 41 2 23 37 24 28 2 16 29 11 39 22 39 12 6 6 14 21 29 9 38 13 12 35 39 21 25 30 39 34 21 12 20 28 26"
7,3,-0.6661,0.9362,0.9002,-0.2368,0.1791,"39 20 26 2 2 13 34 12 1 11 37 2 9 10 26 15 26 31 31 5 2 12 36 2 27 39 26 39 1 2 25 25 25 27 37 9 27 2 17 27 6 26 10 3 1 4 6 40 31 9 22 12 23 2 42 26 41 27 29 9 11 3 27 26 26 13 1 11 25 2 25 0 2 25 15 7 41 16 2 11 40 38 26 11 32 2 26 25 10 39 35 2 39 18 26 26 11 25 19 9 27 21 4 26 39 3 31 10 2 9 27 10 2 40 18 39 13 16 10 2 2 13 24 2 21 17 25 26 19 22 18 39 12 36 27 22 5 2 34 18 11 36 17 39 39 18 12 2 35 2 20 20 39 39 36 2 15 27 21 8 35 12 1 36 39 2 22 10 18 10 39 12 12 20 22 13 39 22 39 2 4 18 21 21 22 35 10 17 36 2 17 19 10 10 22 2 36 26 12 39 27 39 39 22 8 7 26 21 8 28 7 8 29 3 19 9 2 12 30 7 39 33 11 5 26 31 31 31 8 30 39 11 8 39 22 12 32 28 0 30 39 12 21 27 10 39 9 40 10 22 7 32 10 8 11 26 39 1 20 28 21 33 25 29 10 10 19 31 33 21 28 15 12 7 40 8 21 8 7 21 21 32 39 8 21 19 32 12 11 31 41 39 39 21 29 27 7 2 10 9 9 0 10 11 8 8 17 39 18 7 9 24 8 7 11 2 2 2 11 25 12 13 8 7 18 40 12 27 26 0 37 7 1 12 10 11 9 27 27 7 41 21 33 39 12 0 8 8 9 27 10 7 12 41 39 39 27 27 25 8 9 30 8 11 38 29 8 31 12 26 39 7 12 3 7 7 39 2 10 2 27 8 8 27 36 18 10 27 31 7 9 11 2 39 11 9 7 37 39 25 20 5 1 42 9 37 24 12 2 20 4 22 23 11 28 10 10 17 39 39 21 6 36 2 4 19 41 39 3 21 39 5 12 0 39 12 20 22 6 1 20 14 12 12 20 28 24 2 28 40 3 21 22 9 0 12 12 18 20 9 12 14 8 24 3 41 2 23 37 24 28 2 16 29 11 39 22 39 12 6 6 14 21 29 9 38 13 12 35 39 21 25 30 39 34 21 12 20 28 26"
8,3,-0.6661,0.9362,0.9002,-0.2450,0.1792,"39 20 26 2 2 13 34 12 1 11 37 2 9 10 26 15 26 31 31 5 2 12 36 2 27 39 26 39 1 2 25 25 25 27 37 9 27 2 17 27 6 26 10 3 1 4 6 40 31 9 22 12 23 2 42 26 41 27 29 9 11 3 27 26 26 13 1 11 25 2 25 0 2 25 15 7 41 16 2 11 40 38 26 11 32 2 26 25 10 39 35 2 39 18 26 26 11 25 19 9 27 21 4 26 39 3 31 10 2 9 27 10 2 40 18 39 13 16 10 2 2 13 24 2 21 17 25 26 19 22 18 39 12 36 27 22 5 2 34 18 11 36 17 39 39 18 12 2 35 2 20 20 39 39 36 2 15 27 21 8 35 12 1 36 39 2 22 10 18 10 39 12 12 20 22 13 39 22 39 2 4 18 21 21 22 35 10 17 36 2 17 19 10 10 22 2 36 26 12 39 27 39 39 22 8 7 26 21 8 28 7 8 29 3 19 9 2 12 30 7 39 33 11 5 26 31 31 31 8 30 39 11 8 39 22 12 32 28 0 30 39 12 21 27 10 39 9 40 10 22 7 32 10 8 11 26 39 1 20 28 21 33 25 29 10 10 19 31 33 21 28 15 12 7 40 8 21 8 7 21 21 32 39 8 21 19 32 12 11 31 41 39 39 21 29 27 7 2 10 9 9 0 10 11 8 8 17 39 18 7 9 24 8 7 11 2 2 2 11 25 12 13 8 7 18 40 12 27 26 0 37 7 1 12 10 11 9 27 27 7 41 21 33 39 12 0 8 8 9 27 10 7 12 41 39 39 27 27 25 8 9 30 8 11 38 29 8 31 12 26 39 7 12 3 7 7 39 2 10 2 27 8 8 27 36 18 10 27 31 7 9 11 2 39 11 9 7 37 39 25 20 5 1 42 9 37 24 12 2 20 4 22 23 11 28 10 10 17 39 39 21 6 36 2 4 19 41 39 3 21 39 5 12 0 39 12 20 22 6 1 20 14 12 12 20 28 24 2 28 40 3 21 22 9 0 12 12 18 20 9 12 14 8 24 3 41 2 23 37 24 28 2 16 29 11 39 22 39 12 6 6 14 21 29 9 38 13 12 35 39 21 25 30 39 34 21 12 20 28 26"
9,3,-0.6661,0.9362,0.9002,-0.2401,0.2074,"39 20 26 2 2 13 34 12 1 11 37 2 9 10 26 15 26 31 31 5 2 12 36 2 27 39 26 39 1 2 25 25 25 27 37 9 27 2 17 27 6 26 10 3 1 4 6 40 31 9 22 12 23 2 42 26 41 27 29 9 11 3 27 26 26 13 1 11 25 2 25 0 2 25 15 7 41 16 2 11 40 38 26 11 32 2 26 25 10 39 35 2 39 18 26 26 11 25 19 9 27 21 4 26 39 3 31 10 2 9 27 10 2 40 18 39 13 16 10 2 2 13 24 2 21 17 25 26 19 22 18 39 12 36 27 22 5 2 34 18 11 36 17 39 39 18 12 2 35 2 20 20 39 39 36 2 15 27 21 8 35 12 1 36 39 2 22 10 18 10 39 12 12 20 22 13 39 22 39 2 4 18 21 21 22 35 10 17 36 2 17 19 10 10 22 2 36 26 12 39 27 39 39 22 8 7 26 21 8 28 7 8 29 3 19 9 2 12 30 7 39 33 11 5 26 31 31 31 8 30 39 11 8 39 22 12 32 28 0 30 39 12 21 27 10 39 9 40 10 22 7 32 10 8 11 26 39 1 20 28 21 33 25 29 10 10 19 31 33 21 28 15 12 7 40 8 21 8 7 21 21 32 39 8 21 19 32 12 11 31 41 39 39 21 29 27 7 2 10 9 9 0 10 11 8 8 17 39 18 7 9 24 8 7 11 2 2 2 11 25 12 13 8 7 18 40 12 27 26 0 37 7 1 12 10 11 9 27 27 7 41 21 33 39 12 0 8 8 9 27 10 7 12 41 39 39 27 27 25 8 9 30 8 11 38 29 8 31 12 26 39 7 12 3 7 7 39 2 10 2 27 8 8 27 36 18 10 27 31 7 9 11 2 39 11 9 7 37 39 25 20 5 1 42 9 37 24 12 2 20 4 22 23 11 28 10 10 17 39 39 21 6 36 2 4 19 41 39 3 21 39 5 12 0 39 12 20 22 6 1 20 14 12 12 20 28 24 2 28 40 3 21 22 9 0 12 12 18 20 9 12 14 8 24 3 41 2 23 37 24 28 2 16 29 11 39 22 39 12 6 6 14 21 29 9 38 13 12 35 39 21 25 30 39 34 21 12 20 28 26"
10,3,-0.6661,0.9362,0.9002,-0.2426,0.2093,"39 20 26 2 2 13 34 12 1 11 37 2 9 10 26 15 26 31 31 5 2 12 36 2 27 39 26 39 1 2 25 25 25 27 37 9 27 2 17 27 6 26 10 3 1 4 6 40 31 9 22 12 23 2 42 26 41 27 29 9 11 3 27 26 26 13 1 11 25 2 25 0 2 25 15 7 41 16 2 11 40 38 26 11 32 2 26 25 10 39 35 2 39 18 26 26 11 25 19 9 27 21 4 26 39 3 31 10 2 9 27 10 2 40 18 39 13 16 10 2 2 13 24 2 21 17 25 26 19 22 18 39 12 36 27 22 5 2 34 18 11 36 17 39 39 18 12 2 35 2 20 20 39 39 36 2 15 27 21 8 35 12 1 36 39 2 22 10 18 10 39 12 12 20 22 13 39 22 39 2 4 18 21 21 22 35 10 17 36 2 17 19 10 10 22 2 36 26 12 39 27 39 39 22 8 7 26 21 8 28 7 8 29 3 19 9 2 12 30 7 39 33 11 5 26 31 31 31 8 30 39 11 8 39 22 12 32 28 0 30 39 12 21 27 10 39 9 40 10 22 7 32 10 8 11 26 39 1 20 28 21 33 25 29 10 10 19 31 33 21 28 15 12 7 40 8 21 8 7 21 21 32 39 8 21 19 32 12 11 31 41 39 39 21 29 27 7 2 10 9 9 0 10 11 8 8 17 39 18 7 9 24 8 7 11 2 2 2 11 25 12 13 8 7 18 40 12 27 26 0 37 7 1 12 10 11 9 27 27 7 41 21 33 39 12 0 8 8 9 27 10 7 12 41 39 39 27 27 25 8 9 30 8 11 38 29 8 31 12 26 39 7 12 3 7 7 39 2 10 2 27 8 8 27 36 18 10 27 31 7 9 11 2 39 11 9 7 37 39 25 20 5 1 42 9 37 24 12 2 20 4 22 23 11 28 10 10 17 39 39 21 6 36 2 4 19 41 39 3 21 39 5 12 0 39 12 20 22 6 1 20 14 12 12 20 28 24 2 28 40 3 21 22 9 0 12 12 18 20 9 12 14 8 24 3 41 2 23 37 24 28 2 16 29 11 39 22 39 12 6 6 14 21 29 9 38 13 12 35 39 21 25 30 39 34 21 12 20 28 26"
11,3,-0.6661,0.9362,0.9002,-0.2429,0.2128,"39 20 26 2 2 13 34 12 1 11 37 2 9 10 26 15 26 31 31 5 2 12 36 2 27 39 26 39 1 2 25 25 25 27 37 9 27 2 17 27 6 26 10 3 1 4 6 40 31 9 22 12 23 2 42 26 41 27 29 9 11 3 27 26 26 13 1 11 25 2 25 0 2 25 15 7 41 16 2 11 40 38 26 11 32 2 26 25 10 39 35 2 39 18 26 26 11 25 19 9 27 21 4 26 39 3 31 10 2 9 27 10 2 40 18 39 13 16 10 2 2 13 24 2 21 17 25 26 19 22 18 39 12 36 27 22 5 2 34 18 11 36 17 39 39 18 12 2 35 2 20 20 39 39 36 2 15 27 21 8 35 12 1 36 39 2 22 10 18 10 39 12 12 20 22 13 39 22 39 2 4 18 21 21 22 35 10 17 36 2 17 19 10 10 22 2 36 26 12 39 27 39 39 22 8 7 26 21 8 28 7 8 29 3 19 9 2 12 30 7 39 33 11 5 26 31 31 31 8 30 39 11 8 39 22 12 32 28 0 30 39 12 21 27 10 39 9 40 10 22 7 32 10 8 11 26 39 1 20 28 21 33 25 29 10 10 19 31 33 21 28 15 12 7 40 8 21 8 7 21 21 32 39 8 21 19 32 12 11 31 41 39 39 21 29 27 7 2 10 9 9 0 10 11 8 8 17 39 18 7 9 24 8 7 11 2 2 2 11 25 12 13 8 7 18 40 12 27 26 0 37 7 1 12 10 11 9 27 27 7 41 21 33 39 12 0 8 8 9 27 10 7 12 41 39 39 27 27 25 8 9 30 8 11 38 29 8 31 12 26 39 7 12 3 7 7 39 2 10 2 27 8 8 27 36 18 10 27 31 7 9 11 2 39 11 9 7 37 39 25 20 5 1 42 9 37 24 12 2 20 4 22 23 11 28 10 10 17 39 39 21 6 36 2 4 19 41 39 3 21 39 5 12 0 39 12 20 22 6 1 20 14 12 12 20 28 24 2 28 40 3 21 22 9 0 12 12 18 20 9 12 14 8 24 3 41 2 23 37 24 28 2 16 29 11 39 22 39 12 6 6 14 21 29 9 38 13 12 35 39 21 25 30 39 34 21 12 20 28 26"
12,3,-0.6661,0.9362,0.9002,-0.2348,0.2019,"39 20 26 2 2 13 34 12 1 11 37 2 9 10 26 15 26 31 31 5 2 12 36 2 27 39 26 39 1 2 25 25 25 27 37 9 27 2 17 27 6 26 10 3 1 4 6 40 31 9 22 12 23 2 42 26 41 27 29 9 11 3 27 26 26 13 1 11 25 2 25 0 2 25 15 7 41 16 2 11 40 38 26 11 32 2 26 25 10 39 35 2 39 18 26 26 11 25 19 9 27 21 4 26 39 3 31 10 2 9 27 10 2 40 18 39 13 16 10 2 2 13 24 2 21 17 25 26 19 22 18 39 12 36 27 22 5 2 34 18 11 36 17 39 39 18 12 2 35 2 20 20 39 39 36 2 15 27 21 8 35 12 1 36 39 2 22 10 18 10 39 12 12 20 22 13 39 22 39 2 4 18 21 21 22 35 10 17 36 2 17 19 10 10 22 2 36 26 12 39 27 39 39 22 8 7 26 21 8 28 7 8 29 3 19 9 2 12 30 7 39 33 11 5 26 31 31 31 8 30 39 11 8 39 22 12 32 28 0 30 39 12 21 27 10 39 9 40 10 22 7 32 10 8 11 26 39 1 20 28 21 33 25 29 10 10 19 31 33 21 28 15 12 7 40 8 21 8 7 21 21 32 39 8 21 19 32 12 11 31 41 39 39 21 29 27 7 2 10 9 9 0 10 11 8 8 17 39 18 7 9 24 8 7 11 2 2 2 11 25 12 13 8 7 18 40 12 27 26 0 37 7 1 12 10 11 9 27 27 7 41 21 33 39 12 0 8 8 9 27 10 7 12 41 39 39 27 27 25 8 9 30 8 11 38 29 8 31 12 26 39 7 12 3 7 7 39 2 10 2 27 8 8 27 36 18 10 27 31 7 9 11 2 39 11 9 7 37 39 25 20 5 1 42 9 37 24 12 2 20 4 22 23 11 28 10 10 17 39 39 21 6 36 2 4 19 41 39 3 21 39 5 12 0 39 12 20 22 6 1 20 14 12 12 20 28 24 2 28 40 3 21 22 9 0 12 12 18 20 9 12 14 8 24 3 41 2 23 37 24 28 2 16 29 11 39 22 39 12 6 6 14 21 29 9 38 13 12 35 39 21 25 30 39 34 21 12 20 28 26"
13,3,-0.6661,0.9362,0.9002,-0.2417,0.2047,"39 20 26 2 2 13 34 12 1 11 37 2 9 10 26 15 26 31 31 5 2 12 36 2 27 39 26 39 1 2 25 25 25 27 37 9 27 2 17 27 6 26 10 3 1 4 6 40 31 9 22 12 23 2 42 26 41 27 29 9 11 3 27 26 26 13 1 11 25 2 25 0 2 25 15 7 41 16 2 11 40 38 26 11 32 2 26 25 10 39 35 2 39 18 26 26 11 25 19 9 27 21 4 26 39 3 31 10 2 9 27 10 2 40 18 39 13 16 10 2 2 13 24 2 21 17 25 26 19 22 18 39 12 36 27 22 5 2 34 18 11 36 17 39 39 18 12 2 35 2 20 20 39 39 36 2 15 27 21 8 35 12 1 36 39 2 22 10 18 10 39 12 12 20 22 13 39 22 39 2 4 18 21 21 22 35 10 17 36 2 17 19 10 10 22 2 36 26 12 39 27 39 39 22 8 7 26 21 8 28 7 8 29 3 19 9 2 12 30 7 39 33 11 5 26 31 31 31 8 30 39 11 8 39 22 12 32 28 0 30 39 12 21 27 10 39 9 40 10 22 7 32 10 8 11 26 39 1 20 28 21 33 25 29 10 10 19 31 33 21 28 15 12 7 40 8 21 8 7 21 21 32 39 8 21 19 32 12 11 31 41 39 39 21 29 27 7 2 10 9 9 0 10 11 8 8 17 39 18 7 9 24 8 7 11 2 2 2 11 25 12 13 8 7 18 40 12 27 26 0 37 7 1 12 10 11 9 27 27 7 41 21 33 39 12 0 8 8 9 27 10 7 12 41 39 39 27 27 25 8 9 30 8 11 38 29 8 31 12 26 39 7 12 3 7 7 39 2 10 2 27 8 8 27 36 18 10 27 31 7 9 11 2 39 11 9 7 37 39 25 20 5 1 42 9 37 24 12 2 20 4 22 23 11 28 10 10 17 39 39 21 6 36 2 4 19 41 39 3 21 39 5 12 0 39 12 20 22 6 1 20 14 12 12 20 28 24 2 28 40 3 21 22 9 0 12 12 18 20 9 12 14 8 24 3 41 2 23 37 24 28 2 16 29 11 39 22 39 12 6 6 14 21 29 9 38 13 12 35 39 21 25 30 39 34 21 12 20 28 26"
14,3,-0.6661,0.9362,0.9002,-0.2412,0.1932,"39 20 26 2 2 13 34 12 1 11 37 2 9 10 26 15 26 31 31 5 2 12 36 2 27 39 26 39 1 2 25 25 25 27 37 9 27 2 17 27 6 26 10 3 1 4 6 40 31 9 22 12 23 2 42 26 41 27 29 9 11 3 27 26 26 13 1 11 25 2 25 0 2 25 15 7 41 16 2 11 40 38 26 11 32 2 26 25 10 39 35 2 39 18 26 26 11 25 19 9 27 21 4 26 39 3 31 10 2 9 27 10 2 40 18 39 13 16 10 2 2 13 24 2 21 17 25 26 19 22 18 39 12 36 27 22 5 2 34 18 11 36 17 39 39 18 12 2 35 2 20 20 39 39 36 2 15 27 21 8 35 12 1 36 39 2 22 10 18 10 39 12 12 20 22 13 39 22 39 2 4 18 21 21 22 35 10 17 36 2 17 19 10 10 22 2 36 26 12 39 27 39 39 22 8 7 26 21 8 28 7 8 29 3 19 9 2 12 30 7 39 33 11 5 26 31 31 31 8 30 39 11 8 39 22 12 32 28 0 30 39 12 21 27 10 39 9 40 10 22 7 32 10 8 11 26 39 1 20 28 21 33 25 29 10 10 19 31 33 21 28 15 12 7 40 8 21 8 7 21 21 32 39 8 21 19 32 12 11 31 41 39 39 21 29 27 7 2 10 9 9 0 10 11 8 8 17 39 18 7 9 24 8 7 11 2 2 2 11 25 12 13 8 7 18 40 12 27 26 0 37 7 1 12 10 11 9 27 27 7 41 21 33 39 12 0 8 8 9 27 10 7 12 41 39 39 27 27 25 8 9 30 8 11 38 29 8 31 12 26 39 7 12 3 7 7 39 2 10 2 27 8 8 27 36 18 10 27 31 7 9 11 2 39 11 9 7 37 39 25 20 5 1 42 9 37 24 12 2 20 4 22 23 11 28 10 10 17 39 39 21 6 36 2 4 19 41 39 3 21 39 5 12 0 39 12 20 22 6 1 20 14 12 12 20 28 24 2 28 40 3 21 22 9 0 12 12 18 20 9 12 14 8 24 3 41 2 23 37 24 28 2 16 29 11 39 22 39 12 6 6 14 21 29 9 38 13 12 35 39 21 25 30 39 34 21 12 20 28 26"
15,3,-0.6661,0.9362,0.9002,-0.2412,0.2056,"39 20 26 2 2 13 34 12 1 11 37 2 9 10 26 15 26 31 31 5 2 12 36 2 27 39 26 39 1 2 25 25 25 27 37 9 27 2 17 27 6 26 10 3 1 4 6 40 31 9 22 12 23 2 42 26 41 27 29 9 11 3 27 26 26 13 1 11 25 2 25 0 2 25 15 7 41 16 2 11 40 38 26 11 32 2 26 25 10 39 35 2 39 18 26 26 11 25 19 9 27 21 4 26 39 3 31 10 2 9 27 10 2 40 18 39 13 16 10 2 2 13 24 2 21 17 25 26 19 22 18 39 12 36 27 22 5 2 34 18 11 36 17 39 39 18 12 2 35 2 20 20 39 39 36 2 15 27 21 8 35 12 1 36 39 2 22 10 18 10 39 12 12 20 22 13 39 22 39 2 4 18 21 21 22 35 10 17 36 2 17 19 10 10 22 2 36 26 12 39 27 39 39 22 8 7 26 21 8 28 7 8 29 3 19 9 2 12 30 7 39 33 11 5 26 31 31 31 8 30 39 11 8 39 22 12 32 28 0 30 39 12 21 27 10 39 9 40 10 22 7 32 10 8 11 26 39 1 20 28 21 33 25 29 10 10 19 31 33 21 28 15 12 7 40 8 21 8 7 21 21 32 39 8 21 19 32 12 11 31 41 39 39 21 29 27 7 2 10 9 9 0 10 11 8 8 17 39 18 7 9 24 8 7 11 2 2 2 11 25 12 13 8 7 18 40 12 27 26 0 37 7 1 12 10 11 9 27 27 7 41 21 33 39 12 0 8 8 9 27 10 7 12 41 39 39 27 27 25 8 9 30 8 11 38 29 8 31 12 26 39 7 12 3 7 7 39 2 10 2 27 8 8 27 36 18 10 27 31 7 9 11 2 39 11 9 7 37 39 25 20 5 1 42 9 37 24 12 2 20 4 22 23 11 28 10 10 17 39 39 21 6 36 2 4 19 41 39 3 21 39 5 12 0 39 12 20 22 6 1 20 14 12 12 20 28 24 2 28 40 3 21 22 9 0 12 12 18 20 9 12 14 8 24 3 41 2 23 37 24 28 2 16 29 11 39 22 39 12 6 6 14 21 29 9 38 13 12 35 39 21 25 30 39 34 21 12 20 28 26"
16,3,-0.6661,0.9362,0.9002,-0.2373,0.1714,"39 20 26 2 2 13 34 12 1 11 37 2 9 10 26 15 26 31 31 5 2 12 36 2 27 39 26 39 1 2 25 25 25 27 37 9 27 2 17 27 6 26 10 3 1 4 6 40 31 9 22 12 23 2 42 26 41 27 29 9 11 3 27 26 26 13 1 11 25 2 25 0 2 25 15 7 41 16 2 11 40 38 26 11 32 2 26 25 10 39 35 2 39 18 26 26 11 25 19 9 27 21 4 26 39 3 31 10 2 9 27 10 2 40 18 39 13 16 10 2 2 13 24 2 21 17 25 26 19 22 18 39 12 36 27 22 5 2 34 18 11 36 17 39 39 18 12 2 35 2 20 20 39 39 36 2 15 27 21 8 35 12 1 36 39 2 22 10 18 10 39 12 12 20 22 13 39 22 39 2 4 18 21 21 22 35 10 17 36 2 17 19 10 10 22 2 36 26 12 39 27 39 39 22 8 7 26 21 8 28 7 8 29 3 19 9 2 12 30 7 39 33 11 5 26 31 31 31 8 30 39 11 8 39 22 12 32 28 0 30 39 12 21 27 10 39 9 40 10 22 7 32 10 8 11 26 39 1 20 28 21 33 25 29 10 10 19 31 33 21 28 15 12 7 40 8 21 8 7 21 21 32 39 8 21 19 32 12 11 31 41 39 39 21 29 27 7 2 10 9 9 0 10 11 8 8 17 39 18 7 9 24 8 7 11 2 2 2 11 25 12 13 8 7 18 40 12 27 26 0 37 7 1 12 10 11 9 27 27 7 41 21 33 39 12 0 8 8 9 27 10 7 12 41 39 39 27 27 25 8 9 30 8 11 38 29 8 31 12 26 39 7 12 3 7 7 39 2 10 2 27 8 8 27 36 18 10 27 31 7 9 11 2 39 11 9 7 37 39 25 20 5 1 42 9 37 24 12 2 20 4 22 23 11 28 10 10 17 39 39 21 6 36 2 4 19 41 39 3 21 39 5 12 0 39 12 20 22 6 1 20 14 12 12 20 28 24 2 28 40 3 21 22 9 0 12 12 18 20 9 12 14 8 24 3 41 2 23 37 24 28 2 16 29 11 39 22 39 12 6 6 14 21 29 9 38 13 12 35 39 21 25 30 39 34 21 12 20 28 26"
17,3,-0.6661,0.9362,0.9002,-0.2387,0.1666,"39 20 26 2 2 13 34 12 1 11 37 2 9 10 26 15 26 31 31 5 2 12 36 2 27 39 26 39 1 2 25 25 25 27 37 9 27 2 17 27 6 26 10 3 1 4 6 40 31 9 22 12 23 2 42 26 41 27 29 9 11 3 27 26 26 13 1 11 25 2 25 0 2 25 15 7 41 16 2 11 40 38 26 11 32 2 26 25 10 39 35 2 39 18 26 26 11 25 19 9 27 21 4 26 39 3 31 10 2 9 27 10 2 40 18 39 13 16 10 2 2 13 24 2 21 17 25 26 19 22 18 39 12 36 27 22 5 2 34 18 11 36 17 39 39 18 12 2 35 2 20 20 39 39 36 2 15 27 21 8 35 12 1 36 39 2 22 10 18 10 39 12 12 20 22 13 39 22 39 2 4 18 21 21 22 35 10 17 36 2 17 19 10 10 22 2 36 26 12 39 27 39 39 22 8 7 26 21 8 28 7 8 29 3 19 9 2 12 30 7 39 33 11 5 26 31 31 31 8 30 39 11 8 39 22 12 32 28 0 30 39 12 21 27 10 39 9 40 10 22 7 32 10 8 11 26 39 1 20 28 21 33 25 29 10 10 19 31 33 21 28 15 12 7 40 8 21 8 7 21 21 32 39 8 21 19 32 12 11 31 41 39 39 21 29 27 7 2 10 9 9 0 10 11 8 8 17 39 18 7 9 24 8 7 11 2 2 2 11 25 12 13 8 7 18 40 12 27 26 0 37 7 1 12 10 11 9 27 27 7 41 21 33 39 12 0 8 8 9 27 10 7 12 41 39 39 27 27 25 8 9 30 8 11 38 29 8 31 12 26 39 7 12 3 7 7 39 2 10 2 27 8 8 27 36 18 10 27 31 7 9 11 2 39 11 9 7 37 39 25 20 5 1 42 9 37 24 12 2 20 4 22 23 11 28 10 10 17 39 39 21 6 36 2 4 19 41 39 3 21 39 5 12 0 39 12 20 22 6 1 20 14 12 12 20 28 24 2 28 40 3 21 22 9 0 12 12 18 20 9 12 14 8 24 3 41 2 23 37 24 28 2 16 29 11 39 22 39 12 6 6 14 21 29 9 38 13 12 35 39 21 25 30 39 34 21 12 20 28 26"
18,3,-0.6661,0.9362,0.9002,-0.2384,0.1480,"39 20 26 2 2 13 34 12 1 11 37 2 9 10 26 15 26 31 31 5 2 12 36 2 27 39 26 39 1 2 25 25 25 27 37 9 27 2 17 27 6 26 10 3 1 4 6 40 31 9 22 12 23 2 42 26 41 27 29 9 11 3 27 26 26 13 1 11 25 2 25 0 2 25 15 7 41 16 2 11 40 38 26 11 32 2 26 25 10 39 35 2 39 18 26 26 11 25 19 9 27 21 4 26 39 3 31 10 2 9 27 10 2 40 18 39 13 16 10 2 2 13 24 2 21 17 25 26 19 22 18 39 12 36 27 22 5 2 34 18 11 36 17 39 39 18 12 2 35 2 20 20 39 39 36 2 15 27 21 8 35 12 1 36 39 2 22 10 18 10 39 12 12 20 22 13 39 22 39 2 4 18 21 21 22 35 10 17 36 2 17 19 10 10 22 2 36 26 12 39 27 39 39 22 8 7 26 21 8 28 7 8 29 3 19 9 2 12 30 7 39 33 11 5 26 31 31 31 8 30 39 11 8 39 22 12 32 28 0 30 39 12 21 27 10 39 9 40 10 22 7 32 10 8 11 26 39 1 20 28 21 33 25 29 10 10 19 31 33 21 28 15 12 7 40 8 21 8 7 21 21 32 39 8 21 19 32 12 11 31 41 39 39 21 29 27 7 2 10 9 9 0 10 11 8 8 17 39 18 7 9 24 8 7 11 2 2 2 11 25 12 13 8 7 18 40 12 27 26 0 37 7 1 12 10 11 9 27 27 7 41 21 33 39 12 0 8 8 9 27 10 7 12 41 39 39 27 27 25 8 9 30 8 11 38 29 8 31 12 26 39 7 12 3 7 7 39 2 10 2 27 8 8 27 36 18 10 27 31 7 9 11 2 39 11 9 7 37 39 25 20 5 1 42 9 37 24 12 2 20 4 22 23 11 28 10 10 17 39 39 21 6 36 2 4 19 41 39 3 21 39 5 12 0 39 12 20 22 6 1 20 14 12 12 20 28 24 2 28 40 3 21 22 9 0 12 12 18 20 9 12 14 8 24 3 41 2 23 37 24 28 2 16 29 11 39 22 39 12 6 6 14 21 29 9 38 13 12 35 39 21 25 30 39 34 21 12 20 28 26"
19,3,-0.6661,0.9362,0.9002,-0.2384,0.1753,"39 20 26 2 2 13 34 12 1 11 37 2 9 10 26 15 26 31 31 5 2 12 36 2 27 39 26 39 1 2 25 25 25 27 37 9 27 2 17 27 6 26 10 3 1 4 6 40 31 9 22 12 23 2 42 26 41 27 29 9 11 3 27 26 26 13 1 11 25 2 25 0 2 25 15 7 41 16 2 11 40 38 26 11 32 2 26 25 10 39 35 2 39 18 26 26 11 25 19 9 27 21 4 26 39 3 31 10 2 9 27 10 2 40 18 39 13 16 10 2 2 13 24 2 21 17 25 26 19 22 18 39 12 36 27 22 5 2 34 18 11 36 17 39 39 18 12 2 35 2 20 20 39 39 36 2 15 27 21 8 35 12 1 36 39 2 22 10 18 10 39 12 12 20 22 13 39 22 39 2 4 18 21 21 22 35 10 17 36 2 17 19 10 10 22 2 36 26 12 39 27 39 39 22 8 7 26 21 8 28 7 8 29 3 19 9 2 12 30 7 39 33 11 5 26 31 31 31 8 30 39 11 8 39 22 12 32 28 0 30 39 12 21 27 10 39 9 40 10 22 7 32 10 8 11 26 39 1 20 28 21 33 25 29 10 10 19 31 33 21 28 15 12 7 40 8 21 8 7 21 21 32 39 8 21 19 32 12 11 31 41 39 39 21 29 27 7 2 10 9 9 0 10 11 8 8 17 39 18 7 9 24 8 7 11 2 2 2 11 25 12 13 8 7 18 40 12 27 26 0 37 7 1 12 10 11 9 27 27 7 41 21 33 39 12 0 8 8 9 27 10 7 12 41 39 39 27 27 25 8 9 30 8 11 38 29 8 31 12 26 39 7 12 3 7 7 39 2 10 2 27 8 8 27 36 18 10 27 31 7 9 11 2 39 11 9 7 37 39 25 20 5 1 42 9 37 24 12 2 20 4 22 23 11 28 10 10 17 39 39 21 6 36 2 4 19 41 39 3 21 39 5 12 0 39 12 20 22 6 1 20 14 12 12 20 28 24 2 28 40 3 21 22 9 0 12 12 18 20 9 12 14 8 24 3 41 2 23 37 24 28 2 16 29 11 39 22 39 12 6 6 14 21 29 9 38 13 12 35 39 21 25 30 39 34 21 12 20 28 26"
20,3,-0.6661,0.9362,0.9002,-0.2379,0.0593,"39 20 26 2 2 13 34 12 1 11 37 2 9 10 26 15 26 31 31 5 2 12 36 2 27 39 26 39 1 2 25 25 25 27 37 9 27 2 17 27 6 26 10 3 1 4 6 40 31 9 22 12 23 2 42 26 41 27 29 9 11 3 27 26 26 13 1 11 25 2 25 0 2 25 15 7 41 16 2 11 40 38 26 11 32 2 26 25 10 39 35 2 39 18 26 26 11 25 19 9 27 21 4 26 39 3 31 10 2 9 27 10 2 40 18 39 13 16 10 2 2 13 24 2 21 17 25 26 19 22 18 39 12 36 27 22 5 2 34 18 11 36 17 39 39 18 12 2 35 2 20 20 39 39 36 2 15 27 21 8 35 12 1 36 39 2 22 10 18 10 39 12 12 20 22 13 39 22 39 2 4 18 21 21 22 35 10 17 36 2 17 19 10 10 22 2 36 26 12 39 27 39 39 22 8 7 26 21 8 28 7 8 29 3 19 9 2 12 30 7 39 33 11 5 26 31 31 31 8 30 39 11 8 39 22 12 32 28 0 30 39 12 21 27 10 39 9 40 10 22 7 32 10 8 11 26 39 1 20 28 21 33 25 29 10 10 19 31 33 21 28 15 12 7 40 8 21 8 7 21 21 32 39 8 21 19 32 12 11 31 41 39 39 21 29 27 7 2 10 9 9 0 10 11 8 8 17 39 18 7 9 24 8 7 11 2 2 2 11 25 12 13 8 7 18 40 12 27 26 0 37 7 1 12 10 11 9 27 27 7 41 21 33 39 12 0 8 8 9 27 10 7 12 41 39 39 27 27 25 8 9 30 8 11 38 29 8 31 12 26 39 7 12 3 7 7 39 2 10 2 27 8 8 27 36 18 10 27 31 7 9 11 2 39 11 9 7 37 39 25 20 5 1 42 9 37 24 12 2 20 4 22 23 11 28 10 10 17 39 39 21 6 36 2 4 19 41 39 3 21 39 5 12 0 39 12 20 22 6 1 20 14 12 12 20 28 24 2 28 40 3 21 22 9 0 12 12 18 20 9 12 14 8 24 3 41 2 23 37 24 28 2 16 29 11 39 22 39 12 6 6 14 21 29 9 38 13 12 35 39 21 25 30 39 34 21 12 20 28 26"
21,3,-0.6661,0.9362,0.9002,-0.2401,0.1891,"39 20 26 2 2 13 34 12 1 11 37 2 9 10 26 15 26 31 31 5 2 12 36 2 27 39 26 39 1 2 25 25 25 27 37 9 27 2 17 27 6 26 10 3 1 4 6 40 31 9 22 12 23 2 42 26 41 27 29 9 11 3 27 26 26 13 1 11 25 2 25 0 2 25 15 7 41 16 2 11 40 38 26 11 32 2 26 25 10 39 35 2 39 18 26 26 11 25 19 9 27 21 4 26 39 3 31 10 2 9 27 10 2 40 18 39 13 16 10 2 2 13 24 2 21 17 25 26 19 22 18 39 12 36 27 22 5 2 34 18 11 36 17 39 39 18 12 2 35 2 20 20 39 39 36 2 15 27 21 8 35 12 1 36 39 2 22 10 18 10 39 12 12 20 22 13 39 22 39 2 4 18 21 21 22 35 10 17 36 2 17 19 10 10 22 2 36 26 12 39 27 39 39 22 8 7 26 21 8 28 7 8 29 3 19 9 2 12 30 7 39 33 11 5 26 31 31 31 8 30 39 11 8 39 22 12 32 28 0 30 39 12 21 27 10 39 9 40 10 22 7 32 10 8 11 26 39 1 20 28 21 33 25 29 10 10 19 31 33 21 28 15 12 7 40 8 21 8 7 21 21 32 39 8 21 19 32 12 11 31 41 39 39 21 29 27 7 2 10 9 9 0 10 11 8 8 17 39 18 7 9 24 8 7 11 2 2 2 11 25 12 13 8 7 18 40 12 27 26 0 37 7 1 12 10 11 9 27 27 7 41 21 33 39 12 0 8 8 9 27 10 7 12 41 39 39 27 27 25 8 9 30 8 11 38 29 8 31 12 26 39 7 12 3 7 7 39 2 10 2 27 8 8 27 36 18 10 27 31 7 9 11 2 39 11 9 7 37 39 25 20 5 1 42 9 37 24 12 2 20 4 22 23 11 28 10 10 17 39 39 21 6 36 2 4 19 41 39 3 21 39 5 12 0 39 12 20 22 6 1 20 14 12 12 20 28 24 2 28 40 3 21 22 9 0 12 12 18 20 9 12 14 8 24 3 41 2 23 37 24 28 2 16 29 11 39 22 39 12 6 6 14 21 29 9 38 13 12 35 39 21 25 30 39 34 21 12 20 28 26"
22,3,-0.6661,0.9362,0.9002,-0.2463,0.1685,"39 20 26 2 2 13 34 12 1 11 37 2 9 10 26 15 26 31 31 5 2 12 36 2 27 39 26 39 1 2 25 25 25 27 37 9 27 2 17 27 6 26 10 3 1 4 6 40 31 9 22 12 23 2 42 26 41 27 29 9 11 3 27 26 26 13 1 11 25 2 25 0 2 25 15 7 41 16 2 11 40 38 26 11 32 2 26 25 10 39 35 2 39 18 26 26 11 25 19 9 27 21 4 26 39 3 31 10 2 9 27 10 2 40 18 39 13 16 10 2 2 13 24 2 21 17 25 26 19 22 18 39 12 36 27 22 5 2 34 18 11 36 17 39 39 18 12 2 35 2 20 20 39 39 36 2 15 27 21 8 35 12 1 36 39 2 22 10 18 10 39 12 12 20 22 13 39 22 39 2 4 18 21 21 22 35 10 17 36 2 17 19 10 10 22 2 36 26 12 39 27 39 39 22 8 7 26 21 8 28 7 8 29 3 19 9 2 12 30 7 39 33 11 5 26 31 31 31 8 30 39 11 8 39 22 12 32 28 0 30 39 12 21 27 10 39 9 40 10 22 7 32 10 8 11 26 39 1 20 28 21 33 25 29 10 10 19 31 33 21 28 15 12 7 40 8 21 8 7 21 21 32 39 8 21 19 32 12 11 31 41 39 39 21 29 27 7 2 10 9 9 0 10 11 8 8 17 39 18 7 9 24 8 7 11 2 2 2 11 25 12 13 8 7 18 40 12 27 26 0 37 7 1 12 10 11 9 27 27 7 41 21 33 39 12 0 8 8 9 27 10 7 12 41 39 39 27 27 25 8 9 30 8 11 38 29 8 31 12 26 39 7 12 3 7 7 39 2 10 2 27 8 8 27 36 18 10 27 31 7 9 11 2 39 11 9 7 37 39 25 20 5 1 42 9 37 24 12 2 20 4 22 23 11 28 10 10 17 39 39 21 6 36 2 4 19 41 39 3 21 39 5 12 0 39 12 20 22 6 1 20 14 12 12 20 28 24 2 28 40 3 21 22 9 0 12 12 18 20 9 12 14 8 24 3 41 2 23 37 24 28 2 16 29 11 39 22 39 12 6 6 14 21 29 9 38 13 12 35 39 21 25 30 39 34 21 12 20 28 26"
23,3,-0.6661,0.9362,0.9002,-0.2412,0.1666,"39 20 26 2 2 13 34 12 1 11 37 2 9 10 26 15 26 31 31 5 2 12 36 2 27 39 26 39 1 2 25 25 25 27 37 9 27 2 17 27 6 26 10 3 1 4 6 40 31 9 22 12 23 2 42 26 41 27 29 9 11 3 27 26 26 13 1 11 25 2 25 0 2 25 15 7 41 16 2 11 40 38 26 11 32 2 26 25 10 39 35 2 39 18 26 26 11 25 19 9 27 21 4 26 39 3 31 10 2 9 27 10 2 40 18 39 13 16 10 2 2 13 24 2 21 17 25 26 19 22 18 39 12 36 27 22 5 2 34 18 11 36 17 39 39 18 12 2 35 2 20 20 39 39 36 2 15 27 21 8 35 12 1 36 39 2 22 10 18 10 39 12 12 20 22 13 39 22 39 2 4 18 21 21 22 35 10 17 36 2 17 19 10 10 22 2 36 26 12 39 27 39 39 22 8 7 26 21 8 28 7 8 29 3 19 9 2 12 30 7 39 33 11 5 26 31 31 31 8 30 39 11 8 39 22 12 32 28 0 30 39 12 21 27 10 39 9 40 10 22 7 32 10 8 11 26 39 1 20 28 21 33 25 29 10 10 19 31 33 21 28 15 12 7 40 8 21 8 7 21 21 32 39 8 21 19 32 12 11 31 41 39 39 21 29 27 7 2 10 9 9 0 10 11 8 8 17 39 18 7 9 24 8 7 11 2 2 2 11 25 12 13 8 7 18 40 12 27 26 0 37 7 1 12 10 11 9 27 27 7 41 21 33 39 12 0 8 8 9 27 10 7 12 41 39 39 27 27 25 8 9 30 8 11 38 29 8 31 12 26 39 7 12 3 7 7 39 2 10 2 27 8 8 27 36 18 10 27 31 7 9 11 2 39 11 9 7 37 39 25 20 5 1 42 9 37 24 12 2 20 4 22 23 11 28 10 10 17 39 39 21 6 36 2 4 19 41 39 3 21 39 5 12 0 39 12 20 22 6 1 20 14 12 12 20 28 24 2 28 40 3 21 22 9 0 12 12 18 20 9 12 14 8 24 3 41 2 23 37 24 28 2 16 29 11 39 22 39 12 6 6 14 21 29 9 38 13 12 35 39 21 25 30 39 34 21 12 20 28 26"
24,3,-0.6661,0.9362,0.9002,-0.2411,0.1597,"39 20 26 2 2 13 34 12 1 11 37 2 9 10 26 15 26 31 31 5 2 12 36 2 27 39 26 39 1 2 25 25 25 27 37 9 27 2 17 27 6 26 10 3 1 4 6 40 31 9 22 12 23 2 42 26 41 27 29 9 11 3 27 26 26 13 1 11 25 2 25 0 2 25 15 7 41 16 2 11 40 38 26 11 32 2 26 25 10 39 35 2 39 18 26 26 11 25 19 9 27 21 4 26 39 3 31 10 2 9 27 10 2 40 18 39 13 16 10 2 2 13 24 2 21 17 25 26 19 22 18 39 12 36 27 22 5 2 34 18 11 36 17 39 39 18 12 2 35 2 20 20 39 39 36 2 15 27 21 8 35 12 1 36 39 2 22 10 18 10 39 12 12 20 22 13 39 22 39 2 4 18 21 21 22 35 10 17 36 2 17 19 10 10 22 2 36 26 12 39 27 39 39 22 8 7 26 21 8 28 7 8 29 3 19 9 2 12 30 7 39 33 11 5 26 31 31 31 8 30 39 11 8 39 22 12 32 28 0 30 39 12 21 27 10 39 9 40 10 22 7 32 10 8 11 26 39 1 20 28 21 33 25 29 10 10 19 31 33 21 28 15 12 7 40 8 21 8 7 21 21 32 39 8 21 19 32 12 11 31 41 39 39 21 29 27 7 2 10 9 9 0 10 11 8 8 17 39 18 7 9 24 8 7 11 2 2 2 11 25 12 13 8 7 18 40 12 27 26 0 37 7 1 12 10 11 9 27 27 7 41 21 33 39 12 0 8 8 9 27 10 7 12 41 39 39 27 27 25 8 9 30 8 11 38 29 8 31 12 26 39 7 12 3 7 7 39 2 10 2 27 8 8 27 36 18 10 27 31 7 9 11 2 39 11 9 7 37 39 25 20 5 1 42 9 37 24 12 2 20 4 22 23 11 28 10 10 17 39 39 21 6 36 2 4 19 41 39 3 21 39 5 12 0 39 12 20 22 6 1 20 14 12 12 20 28 24 2 28 40 3 21 22 9 0 12 12 18 20 9 12 14 8 24 3 41 2 23 37 24 28 2 16 29 11 39 22 39 12 6 6 14 21 29 9 38 13 12 35 39 21 25 30 39 34 21 12 20 28 26"
25,3,-0.6661,0.9362,0.9002,-0.2426,0.1956,"39 20 26 2 2 13 34 12 1 11 37 2 9 10 26 15 26 31 31 5 2 12 36 2 27 39 26 39 1 2 25 25 25 27 37 9 27 2 17 27 6 26 10 3 1 4 6 40 31 9 22 12 23 2 42 26 41 27 29 9 11 3 27 26 26 13 1 11 25 2 25 0 2 25 15 7 41 16 2 11 40 38 26 11 32 2 26 25 10 39 35 2 39 18 26 26 11 25 19 9 27 21 4 26 39 3 31 10 2 9 27 10 2 40 18 39 13 16 10 2 2 13 24 2 21 17 25 26 19 22 18 39 12 36 27 22 5 2 34 18 11 36 17 39 39 18 12 2 35 2 20 20 39 39 36 2 15 27 21 8 35 12 1 36 39 2 22 10 18 10 39 12 12 20 22 13 39 22 39 2 4 18 21 21 22 35 10 17 36 2 17 19 10 10 22 2 36 26 12 39 27 39 39 22 8 7 26 21 8 28 7 8 29 3 19 9 2 12 30 7 39 33 11 5 26 31 31 31 8 30 39 11 8 39 22 12 32 28 0 30 39 12 21 27 10 39 9 40 10 22 7 32 10 8 11 26 39 1 20 28 21 33 25 29 10 10 19 31 33 21 28 15 12 7 40 8 21 8 7 21 21 32 39 8 21 19 32 12 11 31 41 39 39 21 29 27 7 2 10 9 9 0 10 11 8 8 17 39 18 7 9 24 8 7 11 2 2 2 11 25 12 13 8 7 18 40 12 27 26 0 37 7 1 12 10 11 9 27 27 7 41 21 33 39 12 0 8 8 9 27 10 7 12 41 39 39 27 27 25 8 9 30 8 11 38 29 8 31 12 26 39 7 12 3 7 7 39 2 10 2 27 8 8 27 36 18 10 27 31 7 9 11 2 39 11 9 7 37 39 25 20 5 1 42 9 37 24 12 2 20 4 22 23 11 28 10 10 17 39 39 21 6 36 2 4 19 41 39 3 21 39 5 12 0 39 12 20 22 6 1 20 14 12 12 20 28 24 2 28 40 3 21 22 9 0 12 12 18 20 9 12 14 8 24 3 41 2 23 37 24 28 2 16 29 11 39 22 39 12 6 6 14 21 29 9 38 13 12 35 39 21 25 30 39 34 21 12 20 28 26"
26,3,-0.6661,0.9362,0.9002,-0.2448,0.1506,"39 20 26 2 2 13 34 12 1 11 37 2 9 10 26 15 26 31 31 5 2 12 36 2 27 39 26 39 1 2 25 25 25 27 37 9 27 2 17 27 6 26 10 3 1 4 6 40 31 9 22 12 23 2 42 26 41 27 29 9 11 3 27 26 26 13 1 11 25 2 25 0 2 25 15 7 41 16 2 11 40 38 26 11 32 2 26 25 10 39 35 2 39 18 26 26 11 25 19 9 27 21 4 26 39 3 31 10 2 9 27 10 2 40 18 39 13 16 10 2 2 13 24 2 21 17 25 26 19 22 18 39 12 36 27 22 5 2 34 18 11 36 17 39 39 18 12 2 35 2 20 20 39 39 36 2 15 27 21 8 35 12 1 36 39 2 22 10 18 10 39 12 12 20 22 13 39 22 39 2 4 18 21 21 22 35 10 17 36 2 17 19 10 10 22 2 36 26 12 39 27 39 39 22 8 7 26 21 8 28 7 8 29 3 19 9 2 12 30 7 39 33 11 5 26 31 31 31 8 30 39 11 8 39 22 12 32 28 0 30 39 12 21 27 10 39 9 40 10 22 7 32 10 8 11 26 39 1 20 28 21 33 25 29 10 10 19 31 33 21 28 15 12 7 40 8 21 8 7 21 21 32 39 8 21 19 32 12 11 31 41 39 39 21 29 27 7 2 10 9 9 0 10 11 8 8 17 39 18 7 9 24 8 7 11 2 2 2 11 25 12 13 8 7 18 40 12 27 26 0 37 7 1 12 10 11 9 27 27 7 41 21 33 39 12 0 8 8 9 27 10 7 12 41 39 39 27 27 25 8 9 30 8 11 38 29 8 31 12 26 39 7 12 3 7 7 39 2 10 2 27 8 8 27 36 18 10 27 31 7 9 11 2 39 11 9 7 37 39 25 20 5 1 42 9 37 24 12 2 20 4 22 23 11 28 10 10 17 39 39 21 6 36 2 4 19 41 39 3 21 39 5 12 0 39 12 20 22 6 1 20 14 12 12 20 28 24 2 28 40 3 21 22 9 0 12 12 18 20 9 12 14 8 24 3 41 2 23 37 24 28 2 16 29 11 39 22 39 12 6 6 14 21 29 9 38 13 12 35 39 21 25 30 39 34 21 12 20 28 26"
27,3,-0.6661,0.9362,0.9002,-0.2414,0.1287,"39 20 26 2 2 13 34 12 1 11 37 2 9 10 26 15 26 31 31 5 2 12 36 2 27 39 26 39 1 2 25 25 25 27 37 9 27 2 17 27 6 26 10 3 1 4 6 40 31 9 22 12 23 2 42 26 41 27 29 9 11 3 27 26 26 13 1 11 25 2 25 0 2 25 15 7 41 16 2 11 40 38 26 11 32 2 26 25 10 39 35 2 39 18 26 26 11 25 19 9 27 21 4 26 39 3 31 10 2 9 27 10 2 40 18 39 13 16 10 2 2 13 24 2 21 17 25 26 19 22 18 39 12 36 27 22 5 2 34 18 11 36 17 39 39 18 12 2 35 2 20 20 39 39 36 2 15 27 21 8 35 12 1 36 39 2 22 10 18 10 39 12 12 20 22 13 39 22 39 2 4 18 21 21 22 35 10 17 36 2 17 19 10 10 22 2 36 26 12 39 27 39 39 22 8 7 26 21 8 28 7 8 29 3 19 9 2 12 30 7 39 33 11 5 26 31 31 31 8 30 39 11 8 39 22 12 32 28 0 30 39 12 21 27 10 39 9 40 10 22 7 32 10 8 11 26 39 1 20 28 21 33 25 29 10 10 19 31 33 21 28 15 12 7 40 8 21 8 7 21 21 32 39 8 21 19 32 12 11 31 41 39 39 21 29 27 7 2 10 9 9 0 10 11 8 8 17 39 18 7 9 24 8 7 11 2 2 2 11 25 12 13 8 7 18 40 12 27 26 0 37 7 1 12 10 11 9 27 27 7 41 21 33 39 12 0 8 8 9 27 10 7 12 41 39 39 27 27 25 8 9 30 8 11 38 29 8 31 12 26 39 7 12 3 7 7 39 2 10 2 27 8 8 27 36 18 10 27 31 7 9 11 2 39 11 9 7 37 39 25 20 5 1 42 9 37 24 12 2 20 4 22 23 11 28 10 10 17 39 39 21 6 36 2 4 19 41 39 3 21 39 5 12 0 39 12 20 22 6 1 20 14 12 12 20 28 24 2 28 40 3 21 22 9 0 12 12 18 20 9 12 14 8 24 3 41 2 23 37 24 28 2 16 29 11 39 22 39 12 6 6 14 21 29 9 38 13 12 35 39 21 25 30 39 34 21 12 20 28 26"
28,4,-0.6778,0.9592,0.9379,-0.2463,0.2170,"31 27 39 39 7 39 12 11 7 28 33 22 7 7 10 24 8 23 8 7 11 25 12 39 11 31 37 24 27 6 23 23 31 23 21 32 31 7 7 12 9 39 2 7 31 10 1 8 25 8 27 12 12 24 24 12 33 12 10 12 7 8 7 23 23 8 24 23 32 8 23 2 32 25 5 0 2 11 39 32 24 31 33 7 12 4 2 2 7 24 37 39 11 32 39 9 39 31 32 23 22 17 18 39 12 17 23 12 12 2 18 2 12 22 17 1 17 17 17 17 39 17 35 2 18 39 18 2 39 12 22 22 2 17 17 17 17 2 17 21 23 29 30 21 10 17 18 12 18 24 31 32 2 17 39 17 21 18 2 12 28 39 30 17 17 39 17 17 17 39 39 4 16 17 17 17 21 4 18 28 29 29 41 39 12 18 18 21 18 17 12 2 28 12 18 2 17 39 17 12 35 36 39 11 14 34 10 34 34 11 18 17 9 0 36 10 34 3 9 12 34 34 6 0 36 35 13 36 34 36 29 2 36 10 12 17 12 34 1 36 34 20 34 12 16 12 12 39 18 18 35 34 39 2 5 18 12 36 17 39 18 9 2 36 2 18 34 36 39 12 9 39 11 18 40 17 17 35 39 12 17 35 12 17 12 18 39 18 34 9 36 28 29 35 18 11 18 39 39 12 8 8 7 38 12 33 29 12 39 31 39 7 27 7 8 33 8 31 30 0 40 33 2 7 18 39 12 13 0 39 39 8 7 7 8 39 32 28 12 8 32 20 7 39 17 39 8 0 13 8 7 31 8 7 41 39 39 8 30 29 28 2 17 17 37 31 31 31 8 29 8 0 17 17 8 1 33 1 0 7 33 7 0 40 18 7 3 18 39 0 0 8 32 8 12 7 39 17 33 39 39 41 34 24 34 30 24 34 34 29 31 3 6 35 12 34 2 12 12 34 12 35 36 12 35 17 28 12 12 31 34 30 42 30 35 12 12 12 27 0 28 12 23 39 26 34 18 15 2 35 12 39 39 33 3 35 39 29 22 36 39 39 12 34 39 2 0 42 21 42 39 34 39 23 11 21 23 35 36 28 34 30 34 2 12 21 39 39 35 12 29 21 12 23 36 42 28 35 39 32"
29,4,-0.6778,0.9592,0.9379,-0.2541,0.1909,"31 27 39 39 7 39 12 11 7 28 33 22 7 7 10 24 8 23 8 7 11 25 12 39 11 31 37 24 27 6 23 23 31 23 21 32 31 7 7 12 9 39 2 7 31 10 1 8 25 8 27 12 12 24 24 12 33 12 10 12 7 8 7 23 23 8 24 23 32 8 23 2 32 25 5 0 2 11 39 32 24 31 33 7 12 4 2 2 7 24 37 39 11 32 39 9 39 31 32 23 22 17 18 39 12 17 23 12 12 2 18 2 12 22 17 1 17 17 17 17 39 17 35 2 18 39 18 2 39 12 22 22 2 17 17 17 17 2 17 21 23 29 30 21 10 17 18 12 18 24 31 32 2 17 39 17 21 18 2 12 28 39 30 17 17 39 17 17 17 39 39 4 16 17 17 17 21 4 18 28 29 29 41 39 12 18 18 21 18 17 12 2 28 12 18 2 17 39 17 12 35 36 39 11 14 34 10 34 34 11 18 17 9 0 36 10 34 3 9 12 34 34 6 0 36 35 13 36 34 36 29 2 36 10 12 17 12 34 1 36 34 20 34 12 16 12 12 39 18 18 35 34 39 2 5 18 12 36 17 39 18 9 2 36 2 18 34 36 39 12 9 39 11 18 40 17 17 35 39 12 17 35 12 17 12 18 39 18 34 9 36 28 29 35 18 11 18 39 39 12 8 8 7 38 12 33 29 12 39 31 39 7 27 7 8 33 8 31 30 0 40 33 2 7 18 39 12 13 0 39 39 8 7 7 8 39 32 28 12 8 32 20 7 39 17 39 8 0 13 8 7 31 8 7 41 39 39 8 30 29 28 2 17 17 37 31 31 31 8 29 8 0 17 17 8 1 33 1 0 7 33 7 0 40 18 7 3 18 39 0 0 8 32 8 12 7 39 17 33 39 39 41 34 24 34 30 24 34 34 29 31 3 6 35 12 34 2 12 12 34 12 35 36 12 35 17 28 12 12 31 34 30 42 30 35 12 12 12 27 0 28 12 23 39 26 34 18 15 2 35 12 39 39 33 3 35 39 29 22 36 39 39 12 34 39 2 0 42 21 42 39 34 39 23 11 21 23 35 36 28 34 30 34 2 12 21 39 39 35 12 29 21 12 23 36 42 28 35 39 32"
30,4,-0.6778,0.9592,0.9379,-0.2523,0.2084,"31 27 39 39 7 39 12 11 7 28 33 22 7 7 10 24 8 23 8 7 11 25 12 39 11 31 37 24 27 6 23 23 31 23 21 32 31 7 7 12 9 39 2 7 31 10 1 8 25 8 27 12 12 24 24 12 33 12 10 12 7 8 7 23 23 8 24 23 32 8 23 2 32 25 5 0 2 11 39 32 24 31 33 7 12 4 2 2 7 24 37 39 11 32 39 9 39 31 32 23 22 17 18 39 12 17 23 12 12 2 18 2 12 22 17 1 17 17 17 17 39 17 35 2 18 39 18 2 39 12 22 22 2 17 17 17 17 2 17 21 23 29 30 21 10 17 18 12 18 24 31 32 2 17 39 17 21 18 2 12 28 39 30 17 17 39 17 17 17 39 39 4 16 17 17 17 21 4 18 28 29 29 41 39 12 18 18 21 18 17 12 2 28 12 18 2 17 39 17 12 35 36 39 11 14 34 10 34 34 11 18 17 9 0 36 10 34 3 9 12 34 34 6 0 36 35 13 36 34 36 29 2 36 10 12 17 12 34 1 36 34 20 34 12 16 12 12 39 18 18 35 34 39 2 5 18 12 36 17 39 18 9 2 36 2 18 34 36 39 12 9 39 11 18 40 17 17 35 39 12 17 35 12 17 12 18 39 18 34 9 36 28 29 35 18 11 18 39 39 12 8 8 7 38 12 33 29 12 39 31 39 7 27 7 8 33 8 31 30 0 40 33 2 7 18 39 12 13 0 39 39 8 7 7 8 39 32 28 12 8 32 20 7 39 17 39 8 0 13 8 7 31 8 7 41 39 39 8 30 29 28 2 17 17 37 31 31 31 8 29 8 0 17 17 8 1 33 1 0 7 33 7 0 40 18 7 3 18 39 0 0 8 32 8 12 7 39 17 33 39 39 41 34 24 34 30 24 34 34 29 31 3 6 35 12 34 2 12 12 34 12 35 36 12 35 17 28 12 12 31 34 30 42 30 35 12 12 12 27 0 28 12 23 39 26 34 18 15 2 35 12 39 39 33 3 35 39 29 22 36 39 39 12 34 39 2 0 42 21 42 39 34 39 23 11 21 23 35 36 28 34 30 34 2 12 21 39 39 35 12 29 21 12 23 36 42 28 35 39 32"
31,4,-0.6778,0.9592,0.9379,-0.2600,0.0874,"31 27 39 39 7 39 12 11 7 28 33 22 7 7 10 24 8 23 8 7 11 25 12 39 11 31 37 24 27 6 23 23 31 23 21 32 31 7 7 12 9 39 2 7 31 10 1 8 25 8 27 12 12 24 24 12 33 12 10 12 7 8 7 23 23 8 24 23 32 8 23 2 32 25 5 0 2 11 39 32 24 31 33 7 12 4 2 2 7 24 37 39 11 32 39 9 39 31 32 23 22 17 18 39 12 17 23 12 12 2 18 2 12 22 17 1 17 17 17 17 39 17 35 2 18 39 18 2 39 12 22 22 2 17 17 17 17 2 17 21 23 29 30 21 10 17 18 12 18 24 31 32 2 17 39 17 21 18 2 12 28 39 30 17 17 39 17 17 17 39 39 4 16 17 17 17 21 4 18 28 29 29 41 39 12 18 18 21 18 17 12 2 28 12 18 2 17 39 17 12 35 36 39 11 14 34 10 34 34 11 18 17 9 0 36 10 34 3 9 12 34 34 6 0 36 35 13 36 34 36 29 2 36 10 12 17 12 34 1 36 34 20 34 12 16 12 12 39 18 18 35 34 39 2 5 18 12 36 17 39 18 9 2 36 2 18 34 36 39 12 9 39 11 18 40 17 17 35 39 12 17 35 12 17 12 18 39 18 34 9 36 28 29 35 18 11 18 39 39 12 8 8 7 38 12 33 29 12 39 31 39 7 27 7 8 33 8 31 30 0 40 33 2 7 18 39 12 13 0 39 39 8 7 7 8 39 32 28 12 8 32 20 7 39 17 39 8 0 13 8 7 31 8 7 41 39 39 8 30 29 28 2 17 17 37 31 31 31 8 29 8 0 17 17 8 1 33 1 0 7 33 7 0 40 18 7 3 18 39 0 0 8 32 8 12 7 39 17 33 39 39 41 34 24 34 30 24 34 34 29 31 3 6 35 12 34 2 12 12 34 12 35 36 12 35 17 28 12 12 31 34 30 42 30 35 12 12 12 27 0 28 12 23 39 26 34 18 15 2 35 12 39 39 33 3 35 39 29 22 36 39 39 12 34 39 2 0 42 21 42 39 34 39 23 11 21 23 35 36 28 34 30 34 2 12 21 39 39 35 12 29 21 12 23 36 42 28 35 39 32"
32,4,-0.6778,0.9592,0.9379,-0.2582,0.1625,"31 27 39 39 7 39 12 11 7 28 33 22 7 7 10 24 8 23 8 7 11 25 12 39 11 31 37 24 27 6 23 23 31 23 21 32 31 7 7 12 9 39 2 7 31 10 1 8 25 8 27 12 12 24 24 12 33 12 10 12 7 8 7 23 23 8 24 23 32 8 23 2 32 25 5 0 2 11 39 32 24 31 33 7 12 4 2 2 7 24 37 39 11 32 39 9 39 31 32 23 22 17 18 39 12 17 23 12 12 2 18 2 12 22 17 1 17 17 17 17 39 17 35 2 18 39 18 2 39 12 22 22 2 17 17 17 17 2 17 21 23 29 30 21 10 17 18 12 18 24 31 32 2 17 39 17 21 18 2 12 28 39 30 17 17 39 17 17 17 39 39 4 16 17 17 17 21 4 18 28 29 29 41 39 12 18 18 21 18 17 12 2 28 12 18 2 17 39 17 12 35 36 39 11 14 34 10 34 34 11 18 17 9 0 36 10 34 3 9 12 34 34 6 0 36 35 13 36 34 36 29 2 36 10 12 17 12 34 1 36 34 20 34 12 16 12 12 39 18 18 35 34 39 2 5 18 12 36 17 39 18 9 2 36 2 18 34 36 39 12 9 39 11 18 40 17 17 35 39 12 17 35 12 17 12 18 39 18 34 9 36 28 29 35 18 11 18 39 39 12 8 8 7 38 12 33 29 12 39 31 39 7 27 7 8 33 8 31 30 0 40 33 2 7 18 39 12 13 0 39 39 8 7 7 8 39 32 28 12 8 32 20 7 39 17 39 8 0 13 8 7 31 8 7 41 39 39 8 30 29 28 2 17 17 37 31 31 31 8 29 8 0 17 17 8 1 33 1 0 7 33 7 0 40 18 7 3 18 39 0 0 8 32 8 12 7 39 17 33 39 39 41 34 24 34 30 24 34 34 29 31 3 6 35 12 34 2 12 12 34 12 35 36 12 35 17 28 12 12 31 34 30 42 30 35 12 12 12 27 0 28 12 23 39 26 34 18 15 2 35 12 39 39 33 3 35 39 29 22 36 39 39 12 34 39 2 0 42 21 42 39 34 39 23 11 21 23 35 36 28 34 30 34 2 12 21 39 39 35 12 29 21 12 23 36 42 28 35 39 32"
33,4,-0.6778,0.9592,0.9379,-0.2562,0.1788,"31 27 39 39 7 39 12 11 7 28 33 22 7 7 10 24 8 23 8 7 11 25 12 39 11 31 37 24 27 6 23 23 31 23 21 32 31 7 7 12 9 39 2 7 31 10 1 8 25 8 27 12 12 24 24 12 33 12 10 12 7 8 7 23 23 8 24 23 32 8 23 2 32 25 5 0 2 11 39 32 24 31 33 7 12 4 2 2 7 24 37 39 11 32 39 9 39 31 32 23 22 17 18 39 12 17 23 12 12 2 18 2 12 22 17 1 17 17 17 17 39 17 35 2 18 39 18 2 39 12 22 22 2 17 17 17 17 2 17 21 23 29 30 21 10 17 18 12 18 24 31 32 2 17 39 17 21 18 2 12 28 39 30 17 17 39 17 17 17 39 39 4 16 17 17 17 21 4 18 28 29 29 41 39 12 18 18 21 18 17 12 2 28 12 18 2 17 39 17 12 35 36 39 11 14 34 10 34 34 11 18 17 9 0 36 10 34 3 9 12 34 34 6 0 36 35 13 36 34 36 29 2 36 10 12 17 12 34 1 36 34 20 34 12 16 12 12 39 18 18 35 34 39 2 5 18 12 36 17 39 18 9 2 36 2 18 34 36 39 12 9 39 11 18 40 17 17 35 39 12 17 35 12 17 12 18 39 18 34 9 36 28 29 35 18 11 18 39 39 12 8 8 7 38 12 33 29 12 39 31 39 7 27 7 8 33 8 31 30 0 40 33 2 7 18 39 12 13 0 39 39 8 7 7 8 39 32 28 12 8 32 20 7 39 17 39 8 0 13 8 7 31 8 7 41 39 39 8 30 29 28 2 17 17 37 31 31 31 8 29 8 0 17 17 8 1 33 1 0 7 33 7 0 40 18 7 3 18 39 0 0 8 32 8 12 7 39 17 33 39 39 41 34 24 34 30 24 34 34 29 31 3 6 35 12 34 2 12 12 34 12 35 36 12 35 17 28 12 12 31 34 30 42 30 35 12 12 12 27 0 28 12 23 39 26 34 18 15 2 35 12 39 39 33 3 35 39 29 22 36 39 39 12 34 39 2 0 42 21 42 39 34 39 23 11 21 23 35 36 28 34 30 34 2 12 21 39 39 35 12 29 21 12 23 36 42 28 35 39 32"
34,5,-0.6843,0.9756,0.9711,-0.2616,0.1884,"31 12 39 12 7 39 12 2 7 28 33 22 7 7 10 24 33 23 8 7 11 25 12 31 11 31 37 33 27 6 23 31 31 23 21 15 31 33 7 12 9 39 2 39 32 10 38 12 25 32 32 12 12 24 24 12 33 12 10 12 7 8 7 33 23 8 31 23 32 8 23 2 31 25 31 0 39 31 39 32 24 31 33 33 12 4 2 2 7 24 37 39 39 32 39 9 39 31 32 32 22 17 18 39 12 17 23 12 12 2 18 2 12 22 17 12 17 17 17 17 12 17 35 17 18 39 18 2 39 12 22 22 18 17 18 18 17 2 17 21 23 29 30 21 10 17 18 12 18 24 31 32 2 17 39 17 21 18 18 39 17 39 30 17 17 39 17 17 17 39 39 17 16 17 17 17 21 4 18 28 18 29 18 39 12 18 18 21 18 17 17 2 12 12 18 2 17 39 17 12 35 36 39 11 14 34 10 34 34 11 18 17 9 0 36 10 34 3 9 12 34 34 6 0 36 35 13 36 34 36 29 2 36 10 12 17 12 34 1 36 34 20 34 12 16 12 12 39 18 18 35 34 39 2 5 18 3 36 17 39 18 9 2 36 2 18 34 36 39 12 9 39 11 18 40 17 17 35 39 12 17 35 12 17 12 18 39 18 34 9 36 28 29 35 18 11 18 39 39 12 8 8 7 38 12 33 29 12 39 31 39 7 27 7 8 33 8 31 30 0 40 33 2 7 18 39 12 13 0 39 39 8 7 7 8 39 32 28 12 8 32 20 7 39 17 39 8 0 13 8 7 31 8 7 41 39 39 8 30 29 28 2 17 17 37 31 31 31 8 29 8 0 17 17 8 1 33 1 0 7 33 7 0 40 18 7 3 18 39 0 0 8 32 8 12 7 39 17 33 39 39 24 34 24 34 23 24 34 34 12 31 3 23 35 12 34 23 23 12 34 23 12 36 12 24 17 28 12 12 31 23 30 23 23 35 12 12 12 27 0 28 12 23 39 26 34 18 15 2 39 24 39 39 33 39 35 23 29 22 36 39 39 12 34 39 24 12 42 21 42 24 34 39 23 11 21 12 35 24 28 34 39 34 23 12 12 39 39 35 23 29 21 12 23 23 42 28 35 39 24"
35,5,-0.6843,0.9756,0.9711,-0.2561,0.1765,"31 12 39 12 7 39 12 2 7 28 33 22 7 7 10 24 33 23 8 7 11 25 12 31 11 31 37 33 27 6 23 31 31 23 21 15 31 33 7 12 9 39 2 39 32 10 38 12 25 32 32 12 12 24 24 12 33 12 10 12 7 8 7 33 23 8 31 23 32 8 23 2 31 25 31 0 39 31 39 32 24 31 33 33 12 4 2 2 7 24 37 39 39 32 39 9 39 31 32 32 22 17 18 39 12 17 23 12 12 2 18 2 12 22 17 12 17 17 17 17 12 17 35 17 18 39 18 2 39 12 22 22 18 17 18 18 17 2 17 21 23 29 30 21 10 17 18 12 18 24 31 32 2 17 39 17 21 18 18 39 17 39 30 17 17 39 17 17 17 39 39 17 16 17 17 17 21 4 18 28 18 29 18 39 12 18 18 21 18 17 17 2 12 12 18 2 17 39 17 12 35 36 39 11 14 34 10 34 34 11 18 17 9 0 36 10 34 3 9 12 34 34 6 0 36 35 13 36 34 36 29 2 36 10 12 17 12 34 1 36 34 20 34 12 16 12 12 39 18 18 35 34 39 2 5 18 3 36 17 39 18 9 2 36 2 18 34 36 39 12 9 39 11 18 40 17 17 35 39 12 17 35 12 17 12 18 39 18 34 9 36 28 29 35 18 11 18 39 39 12 8 8 7 38 12 33 29 12 39 31 39 7 27 7 8 33 8 31 30 0 40 33 2 7 18 39 12 13 0 39 39 8 7 7 8 39 32 28 12 8 32 20 7 39 17 39 8 0 13 8 7 31 8 7 41 39 39 8 30 29 28 2 17 17 37 31 31 31 8 29 8 0 17 17 8 1 33 1 0 7 33 7 0 40 18 7 3 18 39 0 0 8 32 8 12 7 39 17 33 39 39 24 34 24 34 23 24 34 34 12 31 3 23 35 12 34 23 23 12 34 23 12 36 12 24 17 28 12 12 31 23 30 23 23 35 12 12 12 27 0 28 12 23 39 26 34 18 15 2 39 24 39 39 33 39 35 23 29 22 36 39 39 12 34 39 24 12 42 21 42 24 34 39 23 11 21 12 35 24 28 34 39 34 23 12 12 39 39 35 23 29 21 12 23 23 42 28 35 39 24"
36,5,-0.6843,0.9756,0.9711,-0.2510,0.1494,"31 12 39 12 7 39 12 2 7 28 33 22 7 7 10 24 33 23 8 7 11 25 12 31 11 31 37 33 27 6 23 31 31 23 21 15 31 33 7 12 9 39 2 39 32 10 38 12 25 32 32 12 12 24 24 12 33 12 10 12 7 8 7 33 23 8 31 23 32 8 23 2 31 25 31 0 39 31 39 32 24 31 33 33 12 4 2 2 7 24 37 39 39 32 39 9 39 31 32 32 22 17 18 39 12 17 23 12 12 2 18 2 12 22 17 12 17 17 17 17 12 17 35 17 18 39 18 2 39 12 22 22 18 17 18 18 17 2 17 21 23 29 30 21 10 17 18 12 18 24 31 32 2 17 39 17 21 18 18 39 17 39 30 17 17 39 17 17 17 39 39 17 16 17 17 17 21 4 18 28 18 29 18 39 12 18 18 21 18 17 17 2 12 12 18 2 17 39 17 12 35 36 39 11 14 34 10 34 34 11 18 17 9 0 36 10 34 3 9 12 34 34 6 0 36 35 13 36 34 36 29 2 36 10 12 17 12 34 1 36 34 20 34 12 16 12 12 39 18 18 35 34 39 2 5 18 3 36 17 39 18 9 2 36 2 18 34 36 39 12 9 39 11 18 40 17 17 35 39 12 17 35 12 17 12 18 39 18 34 9 36 28 29 35 18 11 18 39 39 12 8 8 7 38 12 33 29 12 39 31 39 7 27 7 8 33 8 31 30 0 40 33 2 7 18 39 12 13 0 39 39 8 7 7 8 39 32 28 12 8 32 20 7 39 17 39 8 0 13 8 7 31 8 7 41 39 39 8 30 29 28 2 17 17 37 31 31 31 8 29 8 0 17 17 8 1 33 1 0 7 33 7 0 40 18 7 3 18 39 0 0 8 32 8 12 7 39 17 33 39 39 24 34 24 34 23 24 34 34 12 31 3 23 35 12 34 23 23 12 34 23 12 36 12 24 17 28 12 12 31 23 30 23 23 35 12 12 12 27 0 28 12 23 39 26 34 18 15 2 39 24 39 39 33 39 35 23 29 22 36 39 39 12 34 39 24 12 42 21 42 24 34 39 23 11 21 12 35 24 28 34 39 34 23 12 12 39 39 35 23 29 21 12 23 23 42 28 35 39 24"
37,5,-0.6843,0.9756,0.9711,-0.2484,0.1409,"31 12 39 12 7 39 12 2 7 28 33 22 7 7 10 24 33 23 8 7 11 25 12 31 11 31 37 33 27 6 23 31 31 23 21 15 31 33 7 12 9 39 2 39 32 10 38 12 25 32 32 12 12 24 24 12 33 12 10 12 7 8 7 33 23 8 31 23 32 8 23 2 31 25 31 0 39 31 39 32 24 31 33 33 12 4 2 2 7 24 37 39 39 32 39 9 39 31 32 32 22 17 18 39 12 17 23 12 12 2 18 2 12 22 17 12 17 17 17 17 12 17 35 17 18 39 18 2 39 12 22 22 18 17 18 18 17 2 17 21 23 29 30 21 10 17 18 12 18 24 31 32 2 17 39 17 21 18 18 39 17 39 30 17 17 39 17 17 17 39 39 17 16 17 17 17 21 4 18 28 18 29 18 39 12 18 18 21 18 17 17 2 12 12 18 2 17 39 17 12 35 36 39 11 14 34 10 34 34 11 18 17 9 0 36 10 34 3 9 12 34 34 6 0 36 35 13 36 34 36 29 2 36 10 12 17 12 34 1 36 34 20 34 12 16 12 12 39 18 18 35 34 39 2 5 18 3 36 17 39 18 9 2 36 2 18 34 36 39 12 9 39 11 18 40 17 17 35 39 12 17 35 12 17 12 18 39 18 34 9 36 28 29 35 18 11 18 39 39 12 8 8 7 38 12 33 29 12 39 31 39 7 27 7 8 33 8 31 30 0 40 33 2 7 18 39 12 13 0 39 39 8 7 7 8 39 32 28 12 8 32 20 7 39 17 39 8 0 13 8 7 31 8 7 41 39 39 8 30 29 28 2 17 17 37 31 31 31 8 29 8 0 17 17 8 1 33 1 0 7 33 7 0 40 18 7 3 18 39 0 0 8 32 8 12 7 39 17 33 39 39 24 34 24 34 23 24 34 34 12 31 3 23 35 12 34 23 23 12 34 23 12 36 12 24 17 28 12 12 31 23 30 23 23 35 12 12 12 27 0 28 12 23 39 26 34 18 15 2 39 24 39 39 33 39 35 23 29 22 36 39 39 12 34 39 24 12 42 21 42 24 34 39 23 11 21 12 35 24 28 34 39 34 23 12 12 39 39 35 23 29 21 12 23 23 42 28 35 39 24"
38,5,-0.6843,0.9756,0.9711,-0.2528,0.1059,"31 12 39 12 7 39 12 2 7 28 33 22 7 7 10 24 33 23 8 7 11 25 12 31 11 31 37 33 27 6 23 31 31 23 21 15 31 33 7 12 9 39 2 39 32 10 38 12 25 32 32 12 12 24 24 12 33 12 10 12 7 8 7 33 23 8 31 23 32 8 23 2 31 25 31 0 39 31 39 32 24 31 33 33 12 4 2 2 7 24 37 39 39 32 39 9 39 31 32 32 22 17 18 39 12 17 23 12 12 2 18 2 12 22 17 12 17 17 17 17 12 17 35 17 18 39 18 2 39 12 22 22 18 17 18 18 17 2 17 21 23 29 30 21 10 17 18 12 18 24 31 32 2 17 39 17 21 18 18 39 17 39 30 17 17 39 17 17 17 39 39 17 16 17 17 17 21 4 18 28 18 29 18 39 12 18 18 21 18 17 17 2 12 12 18 2 17 39 17 12 35 36 39 11 14 34 10 34 34 11 18 17 9 0 36 10 34 3 9 12 34 34 6 0 36 35 13 36 34 36 29 2 36 10 12 17 12 34 1 36 34 20 34 12 16 12 12 39 18 18 35 34 39 2 5 18 3 36 17 39 18 9 2 36 2 18 34 36 39 12 9 39 11 18 40 17 17 35 39 12 17 35 12 17 12 18 39 18 34 9 36 28 29 35 18 11 18 39 39 12 8 8 7 38 12 33 29 12 39 31 39 7 27 7 8 33 8 31 30 0 40 33 2 7 18 39 12 13 0 39 39 8 7 7 8 39 32 28 12 8 32 20 7 39 17 39 8 0 13 8 7 31 8 7 41 39 39 8 30 29 28 2 17 17 37 31 31 31 8 29 8 0 17 17 8 1 33 1 0 7 33 7 0 40 18 7 3 18 39 0 0 8 32 8 12 7 39 17 33 39 39 24 34 24 34 23 24 34 34 12 31 3 23 35 12 34 23 23 12 34 23 12 36 12 24 17 28 12 12 31 23 30 23 23 35 12 12 12 27 0 28 12 23 39 26 34 18 15 2 39 24 39 39 33 39 35 23 29 22 36 39 39 12 34 39 24 12 42 21 42 24 34 39 23 11 21 12 35 24 28 34 39 34 23 12 12 39 39 35 23 29 21 12 23 23 42 28 35 39 24"
39,5,-0.6843,0.9756,0.9711,-0.2493,0.0436,"31 12 39 12 7 39 12 2 7 28 33 22 7 7 10 24 33 23 8 7 11 25 12 31 11 31 37 33 27 6 23 31 31 23 21 15 31 33 7 12 9 39 2 39 32 10 38 12 25 32 32 12 12 24 24 12 33 12 10 12 7 8 7 33 23 8 31 23 32 8 23 2 31 25 31 0 39 31 39 32 24 31 33 33 12 4 2 2 7 24 37 39 39 32 39 9 39 31 32 32 22 17 18 39 12 17 23 12 12 2 18 2 12 22 17 12 17 17 17 17 12 17 35 17 18 39 18 2 39 12 22 22 18 17 18 18 17 2 17 21 23 29 30 21 10 17 18 12 18 24 31 32 2 17 39 17 21 18 18 39 17 39 30 17 17 39 17 17 17 39 39 17 16 17 17 17 21 4 18 28 18 29 18 39 12 18 18 21 18 17 17 2 12 12 18 2 17 39 17 12 35 36 39 11 14 34 10 34 34 11 18 17 9 0 36 10 34 3 9 12 34 34 6 0 36 35 13 36 34 36 29 2 36 10 12 17 12 34 1 36 34 20 34 12 16 12 12 39 18 18 35 34 39 2 5 18 3 36 17 39 18 9 2 36 2 18 34 36 39 12 9 39 11 18 40 17 17 35 39 12 17 35 12 17 12 18 39 18 34 9 36 28 29 35 18 11 18 39 39 12 8 8 7 38 12 33 29 12 39 31 39 7 27 7 8 33 8 31 30 0 40 33 2 7 18 39 12 13 0 39 39 8 7 7 8 39 32 28 12 8 32 20 7 39 17 39 8 0 13 8 7 31 8 7 41 39 39 8 30 29 28 2 17 17 37 31 31 31 8 29 8 0 17 17 8 1 33 1 0 7 33 7 0 40 18 7 3 18 39 0 0 8 32 8 12 7 39 17 33 39 39 24 34 24 34 23 24 34 34 12 31 3 23 35 12 34 23 23 12 34 23 12 36 12 24 17 28 12 12 31 23 30 23 23 35 12 12 12 27 0 28 12 23 39 26 34 18 15 2 39 24 39 39 33 39 35 23 29 22 36 39 39 12 34 39 24 12 42 21 42 24 34 39 23 11 21 12 35 24 28 34 39 34 23 12 12 39 39 35 23 29 21 12 23 23 42 28 35 39 24"
40,5,-0.6843,0.9756,0.9711,-0.2536,0.1392,"31 12 39 12 7 39 12 2 7 28 33 22 7 7 10 24 33 23 8 7 11 25 12 31 11 31 37 33 27 6 23 31 31 23 21 15 31 33 7 12 9 39 2 39 32 10 38 12 25 32 32 12 12 24 24 12 33 12 10 12 7 8 7 33 23 8 31 23 32 8 23 2 31 25 31 0 39 31 39 32 24 31 33 33 12 4 2 2 7 24 37 39 39 32 39 9 39 31 32 32 22 17 18 39 12 17 23 12 12 2 18 2 12 22 17 12 17 17 17 17 12 17 35 17 18 39 18 2 39 12 22 22 18 17 18 18 17 2 17 21 23 29 30 21 10 17 18 12 18 24 31 32 2 17 39 17 21 18 18 39 17 39 30 17 17 39 17 17 17 39 39 17 16 17 17 17 21 4 18 28 18 29 18 39 12 18 18 21 18 17 17 2 12 12 18 2 17 39 17 12 35 36 39 11 14 34 10 34 34 11 18 17 9 0 36 10 34 3 9 12 34 34 6 0 36 35 13 36 34 36 29 2 36 10 12 17 12 34 1 36 34 20 34 12 16 12 12 39 18 18 35 34 39 2 5 18 3 36 17 39 18 9 2 36 2 18 34 36 39 12 9 39 11 18 40 17 17 35 39 12 17 35 12 17 12 18 39 18 34 9 36 28 29 35 18 11 18 39 39 12 8 8 7 38 12 33 29 12 39 31 39 7 27 7 8 33 8 31 30 0 40 33 2 7 18 39 12 13 0 39 39 8 7 7 8 39 32 28 12 8 32 20 7 39 17 39 8 0 13 8 7 31 8 7 41 39 39 8 30 29 28 2 17 17 37 31 31 31 8 29 8 0 17 17 8 1 33 1 0 7 33 7 0 40 18 7 3 18 39 0 0 8 32 8 12 7 39 17 33 39 39 24 34 24 34 23 24 34 34 12 31 3 23 35 12 34 23 23 12 34 23 12 36 12 24 17 28 12 12 31 23 30 23 23 35 12 12 12 27 0 28 12 23 39 26 34 18 15 2 39 24 39 39 33 39 35 23 29 22 36 39 39 12 34 39 24 12 42 21 42 24 34 39 23 11 21 12 35 24 28 34 39 34 23 12 12 39 39 35 23 29 21 12 23 23 42 28 35 39 24"
41,5,-0.6843,0.9756,0.9711,-0.2551,0.1361,"31 12 39 12 7 39 12 2 7 28 33 22 7 7 10 24 33 23 8 7 11 25 12 31 11 31 37 33 27 6 23 31 31 23 21 15 31 33 7 12 9 39 2 39 32 10 38 12 25 32 32 12 12 24 24 12 33 12 10 12 7 8 7 33 23 8 31 23 32 8 23 2 31 25 31 0 39 31 39 32 24 31 33 33 12 4 2 2 7 24 37 39 39 32 39 9 39 31 32 32 22 17 18 39 12 17 23 12 12 2 18 2 12 22 17 12 17 17 17 17 12 17 35 17 18 39 18 2 39 12 22 22 18 17 18 18 17 2 17 21 23 29 30 21 10 17 18 12 18 24 31 32 2 17 39 17 21 18 18 39 17 39 30 17 17 39 17 17 17 39 39 17 16 17 17 17 21 4 18 28 18 29 18 39 12 18 18 21 18 17 17 2 12 12 18 2 17 39 17 12 35 36 39 11 14 34 10 34 34 11 18 17 9 0 36 10 34 3 9 12 34 34 6 0 36 35 13 36 34 36 29 2 36 10 12 17 12 34 1 36 34 20 34 12 16 12 12 39 18 18 35 34 39 2 5 18 3 36 17 39 18 9 2 36 2 18 34 36 39 12 9 39 11 18 40 17 17 35 39 12 17 35 12 17 12 18 39 18 34 9 36 28 29 35 18 11 18 39 39 12 8 8 7 38 12 33 29 12 39 31 39 7 27 7 8 33 8 31 30 0 40 33 2 7 18 39 12 13 0 39 39 8 7 7 8 39 32 28 12 8 32 20 7 39 17 39 8 0 13 8 7 31 8 7 41 39 39 8 30 29 28 2 17 17 37 31 31 31 8 29 8 0 17 17 8 1 33 1 0 7 33 7 0 40 18 7 3 18 39 0 0 8 32 8 12 7 39 17 33 39 39 24 34 24 34 23 24 34 34 12 31 3 23 35 12 34 23 23 12 34 23 12 36 12 24 17 28 12 12 31 23 30 23 23 35 12 12 12 27 0 28 12 23 39 26 34 18 15 2 39 24 39 39 33 39 35 23 29 22 36 39 39 12 34 39 24 12 42 21 42 24 34 39 23 11 21 12 35 24 28 34 39 34 23 12 12 39 39 35 23 29 21 12 23 23 42 28 35 39 24"
42,5,-0.6843,0.9756,0.9711,-0.2556,0.1072,"31 12 39 12 7 39 12 2 7 28 33 22 7 7 10 24 33 23 8 7 11 25 12 31 11 31 37 33 27 6 23 31 31 23 21 15 31 33 7 12 9 39 2 39 32 10 38 12 25 32 32 12 12 24 24 12 33 12 10 12 7 8 7 33 23 8 31 23 32 8 23 2 31 25 31 0 39 31 39 32 24 31 33 33 12 4 2 2 7 24 37 39 39 32 39 9 39 31 32 32 22 17 18 39 12 17 23 12 12 2 18 2 12 22 17 12 17 17 17 17 12 17 35 17 18 39 18 2 39 12 22 22 18 17 18 18 17 2 17 21 23 29 30 21 10 17 18 12 18 24 31 32 2 17 39 17 21 18 18 39 17 39 30 17 17 39 17 17 17 39 39 17 16 17 17 17 21 4 18 28 18 29 18 39 12 18 18 21 18 17 17 2 12 12 18 2 17 39 17 12 35 36 39 11 14 34 10 34 34 11 18 17 9 0 36 10 34 3 9 12 34 34 6 0 36 35 13 36 34 36 29 2 36 10 12 17 12 34 1 36 34 20 34 12 16 12 12 39 18 18 35 34 39 2 5 18 3 36 17 39 18 9 2 36 2 18 34 36 39 12 9 39 11 18 40 17 17 35 39 12 17 35 12 17 12 18 39 18 34 9 36 28 29 35 18 11 18 39 39 12 8 8 7 38 12 33 29 12 39 31 39 7 27 7 8 33 8 31 30 0 40 33 2 7 18 39 12 13 0 39 39 8 7 7 8 39 32 28 12 8 32 20 7 39 17 39 8 0 13 8 7 31 8 7 41 39 39 8 30 29 28 2 17 17 37 31 31 31 8 29 8 0 17 17 8 1 33 1 0 7 33 7 0 40 18 7 3 18 39 0 0 8 32 8 12 7 39 17 33 39 39 24 34 24 34 23 24 34 34 12 31 3 23 35 12 34 23 23 12 34 23 12 36 12 24 17 28 12 12 31 23 30 23 23 35 12 12 12 27 0 28 12 23 39 26 34 18 15 2 39 24 39 39 33 39 35 23 29 22 36 39 39 12 34 39 24 12 42 21 42 24 34 39 23 11 21 12 35 24 28 34 39 34 23 12 12 39 39 35 23 29 21 12 23 23 42 28 35 39 24"
43,5,-0.6843,0.9756,0.9711,-0.2480,0.1021,"31 12 39 12 7 39 12 2 7 28 33 22 7 7 10 24 33 23 8 7 11 25 12 31 11 31 37 33 27 6 23 31 31 23 21 15 31 33 7 12 9 39 2 39 32 10 38 12 25 32 32 12 12 24 24 12 33 12 10 12 7 8 7 33 23 8 31 23 32 8 23 2 31 25 31 0 39 31 39 32 24 31 33 33 12 4 2 2 7 24 37 39 39 32 39 9 39 31 32 32 22 17 18 39 12 17 23 12 12 2 18 2 12 22 17 12 17 17 17 17 12 17 35 17 18 39 18 2 39 12 22 22 18 17 18 18 17 2 17 21 23 29 30 21 10 17 18 12 18 24 31 32 2 17 39 17 21 18 18 39 17 39 30 17 17 39 17 17 17 39 39 17 16 17 17 17 21 4 18 28 18 29 18 39 12 18 18 21 18 17 17 2 12 12 18 2 17 39 17 12 35 36 39 11 14 34 10 34 34 11 18 17 9 0 36 10 34 3 9 12 34 34 6 0 36 35 13 36 34 36 29 2 36 10 12 17 12 34 1 36 34 20 34 12 16 12 12 39 18 18 35 34 39 2 5 18 3 36 17 39 18 9 2 36 2 18 34 36 39 12 9 39 11 18 40 17 17 35 39 12 17 35 12 17 12 18 39 18 34 9 36 28 29 35 18 11 18 39 39 12 8 8 7 38 12 33 29 12 39 31 39 7 27 7 8 33 8 31 30 0 40 33 2 7 18 39 12 13 0 39 39 8 7 7 8 39 32 28 12 8 32 20 7 39 17 39 8 0 13 8 7 31 8 7 41 39 39 8 30 29 28 2 17 17 37 31 31 31 8 29 8 0 17 17 8 1 33 1 0 7 33 7 0 40 18 7 3 18 39 0 0 8 32 8 12 7 39 17 33 39 39 24 34 24 34 23 24 34 34 12 31 3 23 35 12 34 23 23 12 34 23 12 36 12 24 17 28 12 12 31 23 30 23 23 35 12 12 12 27 0 28 12 23 39 26 34 18 15 2 39 24 39 39 33 39 35 23 29 22 36 39 39 12 34 39 24 12 42 21 42 24 34 39 23 11 21 12 35 24 28 34 39 34 23 12 12 39 39 35 23 29 21 12 23 23 42 28 35 39 24"
44,5,-0.6843,0.9756,0.9711,-0.2490,0.0937,"31 12 39 12 7 39 12 2 7 28 33 22 7 7 10 24 33 23 8 7 11 25 12 31 11 31 37 33 27 6 23 31 31 23 21 15 31 33 7 12 9 39 2 39 32 10 38 12 25 32 32 12 12 24 24 12 33 12 10 12 7 8 7 33 23 8 31 23 32 8 23 2 31 25 31 0 39 31 39 32 24 31 33 33 12 4 2 2 7 24 37 39 39 32 39 9 39 31 32 32 22 17 18 39 12 17 23 12 12 2 18 2 12 22 17 12 17 17 17 17 12 17 35 17 18 39 18 2 39 12 22 22 18 17 18 18 17 2 17 21 23 29 30 21 10 17 18 12 18 24 31 32 2 17 39 17 21 18 18 39 17 39 30 17 17 39 17 17 17 39 39 17 16 17 17 17 21 4 18 28 18 29 18 39 12 18 18 21 18 17 17 2 12 12 18 2 17 39 17 12 35 36 39 11 14 34 10 34 34 11 18 17 9 0 36 10 34 3 9 12 34 34 6 0 36 35 13 36 34 36 29 2 36 10 12 17 12 34 1 36 34 20 34 12 16 12 12 39 18 18 35 34 39 2 5 18 3 36 17 39 18 9 2 36 2 18 34 36 39 12 9 39 11 18 40 17 17 35 39 12 17 35 12 17 12 18 39 18 34 9 36 28 29 35 18 11 18 39 39 12 8 8 7 38 12 33 29 12 39 31 39 7 27 7 8 33 8 31 30 0 40 33 2 7 18 39 12 13 0 39 39 8 7 7 8 39 32 28 12 8 32 20 7 39 17 39 8 0 13 8 7 31 8 7 41 39 39 8 30 29 28 2 17 17 37 31 31 31 8 29 8 0 17 17 8 1 33 1 0 7 33 7 0 40 18 7 3 18 39 0 0 8 32 8 12 7 39 17 33 39 39 24 34 24 34 23 24 34 34 12 31 3 23 35 12 34 23 23 12 34 23 12 36 12 24 17 28 12 12 31 23 30 23 23 35 12 12 12 27 0 28 12 23 39 26 34 18 15 2 39 24 39 39 33 39 35 23 29 22 36 39 39 12 34 39 24 12 42 21 42 24 34 39 23 11 21 12 35 24 28 34 39 34 23 12 12 39 39 35 23 29 21 12 23 23 42 28 35 39 24"
45,5,-0.6843,0.9756,0.9711,-0.2443,0.1059,"31 12 39 12 7 39 12 2 7 28 33 22 7 7 10 24 33 23 8 7 11 25 12 31 11 31 37 33 27 6 23 31 31 23 21 15 31 33 7 12 9 39 2 39 32 10 38 12 25 32 32 12 12 24 24 12 33 12 10 12 7 8 7 33 23 8 31 23 32 8 23 2 31 25 31 0 39 31 39 32 24 31 33 33 12 4 2 2 7 24 37 39 39 32 39 9 39 31 32 32 22 17 18 39 12 17 23 12 12 2 18 2 12 22 17 12 17 17 17 17 12 17 35 17 18 39 18 2 39 12 22 22 18 17 18 18 17 2 17 21 23 29 30 21 10 17 18 12 18 24 31 32 2 17 39 17 21 18 18 39 17 39 30 17 17 39 17 17 17 39 39 17 16 17 17 17 21 4 18 28 18 29 18 39 12 18 18 21 18 17 17 2 12 12 18 2 17 39 17 12 35 36 39 11 14 34 10 34 34 11 18 17 9 0 36 10 34 3 9 12 34 34 6 0 36 35 13 36 34 36 29 2 36 10 12 17 12 34 1 36 34 20 34 12 16 12 12 39 18 18 35 34 39 2 5 18 3 36 17 39 18 9 2 36 2 18 34 36 39 12 9 39 11 18 40 17 17 35 39 12 17 35 12 17 12 18 39 18 34 9 36 28 29 35 18 11 18 39 39 12 8 8 7 38 12 33 29 12 39 31 39 7 27 7 8 33 8 31 30 0 40 33 2 7 18 39 12 13 0 39 39 8 7 7 8 39 32 28 12 8 32 20 7 39 17 39 8 0 13 8 7 31 8 7 41 39 39 8 30 29 28 2 17 17 37 31 31 31 8 29 8 0 17 17 8 1 33 1 0 7 33 7 0 40 18 7 3 18 39 0 0 8 32 8 12 7 39 17 33 39 39 24 34 24 34 23 24 34 34 12 31 3 23 35 12 34 23 23 12 34 23 12 36 12 24 17 28 12 12 31 23 30 23 23 35 12 12 12 27 0 28 12 23 39 26 34 18 15 2 39 24 39 39 33 39 35 23 29 22 36 39 39 12 34 39 24 12 42 21 42 24 34 39 23 11 21 12 35 24 28 34 39 34 23 12 12 39 39 35 23 29 21 12 23 23 42 28 35 39 24"
46,5,-0.6843,0.9756,0.9711,-0.2505,0.1271,"31 12 39 12 7 39 12 2 7 28 33 22 7 7 10 24 33 23 8 7 11 25 12 31 11 31 37 33 27 6 23 31 31 23 21 15 31 33 7 12 9 39 2 39 32 10 38 12 25 32 32 12 12 24 24 12 33 12 10 12 7 8 7 33 23 8 31 23 32 8 23 2 31 25 31 0 39 31 39 32 24 31 33 33 12 4 2 2 7 24 37 39 39 32 39 9 39 31 32 32 22 17 18 39 12 17 23 12 12 2 18 2 12 22 17 12 17 17 17 17 12 17 35 17 18 39 18 2 39 12 22 22 18 17 18 18 17 2 17 21 23 29 30 21 10 17 18 12 18 24 31 32 2 17 39 17 21 18 18 39 17 39 30 17 17 39 17 17 17 39 39 17 16 17 17 17 21 4 18 28 18 29 18 39 12 18 18 21 18 17 17 2 12 12 18 2 17 39 17 12 35 36 39 11 14 34 10 34 34 11 18 17 9 0 36 10 34 3 9 12 34 34 6 0 36 35 13 36 34 36 29 2 36 10 12 17 12 34 1 36 34 20 34 12 16 12 12 39 18 18 35 34 39 2 5 18 3 36 17 39 18 9 2 36 2 18 34 36 39 12 9 39 11 18 40 17 17 35 39 12 17 35 12 17 12 18 39 18 34 9 36 28 29 35 18 11 18 39 39 12 8 8 7 38 12 33 29 12 39 31 39 7 27 7 8 33 8 31 30 0 40 33 2 7 18 39 12 13 0 39 39 8 7 7 8 39 32 28 12 8 32 20 7 39 17 39 8 0 13 8 7 31 8 7 41 39 39 8 30 29 28 2 17 17 37 31 31 31 8 29 8 0 17 17 8 1 33 1 0 7 33 7 0 40 18 7 3 18 39 0 0 8 32 8 12 7 39 17 33 39 39 24 34 24 34 23 24 34 34 12 31 3 23 35 12 34 23 23 12 34 23 12 36 12 24 17 28 12 12 31 23 30 23 23 35 12 12 12 27 0 28 12 23 39 26 34 18 15 2 39 24 39 39 33 39 35 23 29 22 36 39 39 12 34 39 24 12 42 21 42 24 34 39 23 11 21 12 35 24 28 34 39 34 23 12 12 39 39 35 23 29 21 12 23 23 42 28 35 39 24"
47,5,-0.6843,0.9756,0.9711,-0.2491,0.1036,"31 12 39 12 7 39 12 2 7 28 33 22 7 7 10 24 33 23 8 7 11 25 12 31 11 31 37 33 27 6 23 31 31 23 21 15 31 33 7 12 9 39 2 39 32 10 38 12 25 32 32 12 12 24 24 12 33 12 10 12 7 8 7 33 23 8 31 23 32 8 23 2 31 25 31 0 39 31 39 32 24 31 33 33 12 4 2 2 7 24 37 39 39 32 39 9 39 31 32 32 22 17 18 39 12 17 23 12 12 2 18 2 12 22 17 12 17 17 17 17 12 17 35 17 18 39 18 2 39 12 22 22 18 17 18 18 17 2 17 21 23 29 30 21 10 17 18 12 18 24 31 32 2 17 39 17 21 18 18 39 17 39 30 17 17 39 17 17 17 39 39 17 16 17 17 17 21 4 18 28 18 29 18 39 12 18 18 21 18 17 17 2 12 12 18 2 17 39 17 12 35 36 39 11 14 34 10 34 34 11 18 17 9 0 36 10 34 3 9 12 34 34 6 0 36 35 13 36 34 36 29 2 36 10 12 17 12 34 1 36 34 20 34 12 16 12 12 39 18 18 35 34 39 2 5 18 3 36 17 39 18 9 2 36 2 18 34 36 39 12 9 39 11 18 40 17 17 35 39 12 17 35 12 17 12 18 39 18 34 9 36 28 29 35 18 11 18 39 39 12 8 8 7 38 12 33 29 12 39 31 39 7 27 7 8 33 8 31 30 0 40 33 2 7 18 39 12 13 0 39 39 8 7 7 8 39 32 28 12 8 32 20 7 39 17 39 8 0 13 8 7 31 8 7 41 39 39 8 30 29 28 2 17 17 37 31 31 31 8 29 8 0 17 17 8 1 33 1 0 7 33 7 0 40 18 7 3 18 39 0 0 8 32 8 12 7 39 17 33 39 39 24 34 24 34 23 24 34 34 12 31 3 23 35 12 34 23 23 12 34 23 12 36 12 24 17 28 12 12 31 23 30 23 23 35 12 12 12 27 0 28 12 23 39 26 34 18 15 2 39 24 39 39 33 39 35 23 29 22 36 39 39 12 34 39 24 12 42 21 42 24 34 39 23 11 21 12 35 24 28 34 39 34 23 12 12 39 39 35 23 29 21 12 23 23 42 28 35 39 24"
48,5,-0.6843,0.9756,0.9711,-0.2535,0.0881,"31 12 39 12 7 39 12 2 7 28 33 22 7 7 10 24 33 23 8 7 11 25 12 31 11 31 37 33 27 6 23 31 31 23 21 15 31 33 7 12 9 39 2 39 32 10 38 12 25 32 32 12 12 24 24 12 33 12 10 12 7 8 7 33 23 8 31 23 32 8 23 2 31 25 31 0 39 31 39 32 24 31 33 33 12 4 2 2 7 24 37 39 39 32 39 9 39 31 32 32 22 17 18 39 12 17 23 12 12 2 18 2 12 22 17 12 17 17 17 17 12 17 35 17 18 39 18 2 39 12 22 22 18 17 18 18 17 2 17 21 23 29 30 21 10 17 18 12 18 24 31 32 2 17 39 17 21 18 18 39 17 39 30 17 17 39 17 17 17 39 39 17 16 17 17 17 21 4 18 28 18 29 18 39 12 18 18 21 18 17 17 2 12 12 18 2 17 39 17 12 35 36 39 11 14 34 10 34 34 11 18 17 9 0 36 10 34 3 9 12 34 34 6 0 36 35 13 36 34 36 29 2 36 10 12 17 12 34 1 36 34 20 34 12 16 12 12 39 18 18 35 34 39 2 5 18 3 36 17 39 18 9 2 36 2 18 34 36 39 12 9 39 11 18 40 17 17 35 39 12 17 35 12 17 12 18 39 18 34 9 36 28 29 35 18 11 18 39 39 12 8 8 7 38 12 33 29 12 39 31 39 7 27 7 8 33 8 31 30 0 40 33 2 7 18 39 12 13 0 39 39 8 7 7 8 39 32 28 12 8 32 20 7 39 17 39 8 0 13 8 7 31 8 7 41 39 39 8 30 29 28 2 17 17 37 31 31 31 8 29 8 0 17 17 8 1 33 1 0 7 33 7 0 40 18 7 3 18 39 0 0 8 32 8 12 7 39 17 33 39 39 24 34 24 34 23 24 34 34 12 31 3 23 35 12 34 23 23 12 34 23 12 36 12 24 17 28 12 12 31 23 30 23 23 35 12 12 12 27 0 28 12 23 39 26 34 18 15 2 39 24 39 39 33 39 35 23 29 22 36 39 39 12 34 39 24 12 42 21 42 24 34 39 23 11 21 12 35 24 28 34 39 34 23 12 12 39 39 35 23 29 21 12 23 23 42 28 35 39 24"
49,5,-0.6843,0.9756,0.9711,-0.2550,0.0862,"31 12 39 12 7 39 12 2 7 28 33 22 7 7 10 24 33 23 8 7 11 25 12 31 11 31 37 33 27 6 23 31 31 23 21 15 31 33 7 12 9 39 2 39 32 10 38 12 25 32 32 12 12 24 24 12 33 12 10 12 7 8 7 33 23 8 31 23 32 8 23 2 31 25 31 0 39 31 39 32 24 31 33 33 12 4 2 2 7 24 37 39 39 32 39 9 39 31 32 32 22 17 18 39 12 17 23 12 12 2 18 2 12 22 17 12 17 17 17 17 12 17 35 17 18 39 18 2 39 12 22 22 18 17 18 18 17 2 17 21 23 29 30 21 10 17 18 12 18 24 31 32 2 17 39 17 21 18 18 39 17 39 30 17 17 39 17 17 17 39 39 17 16 17 17 17 21 4 18 28 18 29 18 39 12 18 18 21 18 17 17 2 12 12 18 2 17 39 17 12 35 36 39 11 14 34 10 34 34 11 18 17 9 0 36 10 34 3 9 12 34 34 6 0 36 35 13 36 34 36 29 2 36 10 12 17 12 34 1 36 34 20 34 12 16 12 12 39 18 18 35 34 39 2 5 18 3 36 17 39 18 9 2 36 2 18 34 36 39 12 9 39 11 18 40 17 17 35 39 12 17 35 12 17 12 18 39 18 34 9 36 28 29 35 18 11 18 39 39 12 8 8 7 38 12 33 29 12 39 31 39 7 27 7 8 33 8 31 30 0 40 33 2 7 18 39 12 13 0 39 39 8 7 7 8 39 32 28 12 8 32 20 7 39 17 39 8 0 13 8 7 31 8 7 41 39 39 8 30 29 28 2 17 17 37 31 31 31 8 29 8 0 17 17 8 1 33 1 0 7 33 7 0 40 18 7 3 18 39 0 0 8 32 8 12 7 39 17 33 39 39 24 34 24 34 23 24 34 34 12 31 3 23 35 12 34 23 23 12 34 23 12 36 12 24 17 28 12 12 31 23 30 23 23 35 12 12 12 27 0 28 12 23 39 26 34 18 15 2 39 24 39 39 33 39 35 23 29 22 36 39 39 12 34 39 24 12 42 21 42 24 34 39 23 11 21 12 35 24 28 34 39 34 23 12 12 39 39 35 23 29 21 12 23 23 42 28 35 39 24"
50,5,-0.6843,0.9756,0.9711,-0.2520,0.1131,"31 12 39 12 7 39 12 2 7 28 33 22 7 7 10 24 33 23 8 7 11 25 12 31 11 31 37 33 27 6 23 31 31 23 21 15 31 33 7 12 9 39 2 39 32 10 38 12 25 32 32 12 12 24 24 12 33 12 10 12 7 8 7 33 23 8 31 23 32 8 23 2 31 25 31 0 39 31 39 32 24 31 33 33 12 4 2 2 7 24 37 39 39 32 39 9 39 31 32 32 22 17 18 39 12 17 23 12 12 2 18 2 12 22 17 12 17 17 17 17 12 17 35 17 18 39 18 2 39 12 22 22 18 17 18 18 17 2 17 21 23 29 30 21 10 17 18 12 18 24 31 32 2 17 39 17 21 18 18 39 17 39 30 17 17 39 17 17 17 39 39 17 16 17 17 17 21 4 18 28 18 29 18 39 12 18 18 21 18 17 17 2 12 12 18 2 17 39 17 12 35 36 39 11 14 34 10 34 34 11 18 17 9 0 36 10 34 3 9 12 34 34 6 0 36 35 13 36 34 36 29 2 36 10 12 17 12 34 1 36 34 20 34 12 16 12 12 39 18 18 35 34 39 2 5 18 3 36 17 39 18 9 2 36 2 18 34 36 39 12 9 39 11 18 40 17 17 35 39 12 17 35 12 17 12 18 39 18 34 9 36 28 29 35 18 11 18 39 39 12 8 8 7 38 12 33 29 12 39 31 39 7 27 7 8 33 8 31 30 0 40 33 2 7 18 39 12 13 0 39 39 8 7 7 8 39 32 28 12 8 32 20 7 39 17 39 8 0 13 8 7 31 8 7 41 39 39 8 30 29 28 2 17 17 37 31 31 31 8 29 8 0 17 17 8 1 33 1 0 7 33 7 0 40 18 7 3 18 39 0 0 8 32 8 12 7 39 17 33 39 39 24 34 24 34 23 24 34 34 12 31 3 23 35 12 34 23 23 12 34 23 12 36 12 24 17 28 12 12 31 23 30 23 23 35 12 12 12 27 0 28 12 23 39 26 34 18 15 2 39 24 39 39 33 39 35 23 29 22 36 39 39 12 34 39 24 12 42 21 42 24 34 39 23 11 21 12 35 24 28 34 39 34 23 12 12 39 39 35 23 29 21 12 23 23 42 28 35 39 24"
51,5,-0.6843,0.9756,0.9711,-0.2531,0.1017,"31 12 39 12 7 39 12 2 7 28 33 22 7 7 10 24 33 23 8 7 11 25 12 31 11 31 37 33 27 6 23 31 31 23 21 15 31 33 7 12 9 39 2 39 32 10 38 12 25 32 32 12 12 24 24 12 33 12 10 12 7 8 7 33 23 8 31 23 32 8 23 2 31 25 31 0 39 31 39 32 24 31 33 33 12 4 2 2 7 24 37 39 39 32 39 9 39 31 32 32 22 17 18 39 12 17 23 12 12 2 18 2 12 22 17 12 17 17 17 17 12 17 35 17 18 39 18 2 39 12 22 22 18 17 18 18 17 2 17 21 23 29 30 21 10 17 18 12 18 24 31 32 2 17 39 17 21 18 18 39 17 39 30 17 17 39 17 17 17 39 39 17 16 17 17 17 21 4 18 28 18 29 18 39 12 18 18 21 18 17 17 2 12 12 18 2 17 39 17 12 35 36 39 11 14 34 10 34 34 11 18 17 9 0 36 10 34 3 9 12 34 34 6 0 36 35 13 36 34 36 29 2 36 10 12 17 12 34 1 36 34 20 34 12 16 12 12 39 18 18 35 34 39 2 5 18 3 36 17 39 18 9 2 36 2 18 34 36 39 12 9 39 11 18 40 17 17 35 39 12 17 35 12 17 12 18 39 18 34 9 36 28 29 35 18 11 18 39 39 12 8 8 7 38 12 33 29 12 39 31 39 7 27 7 8 33 8 31 30 0 40 33 2 7 18 39 12 13 0 39 39 8 7 7 8 39 32 28 12 8 32 20 7 39 17 39 8 0 13 8 7 31 8 7 41 39 39 8 30 29 28 2 17 17 37 31 31 31 8 29 8 0 17 17 8 1 33 1 0 7 33 7 0 40 18 7 3 18 39 0 0 8 32 8 12 7 39 17 33 39 39 24 34 24 34 23 24 34 34 12 31 3 23 35 12 34 23 23 12 34 23 12 36 12 24 17 28 12 12 31 23 30 23 23 35 12 12 12 27 0 28 12 23 39 26 34 18 15 2 39 24 39 39 33 39 35 23 29 22 36 39 39 12 34 39 24 12 42 21 42 24 34 39 23 11 21 12 35 24 28 34 39 34 23 12 12 39 39 35 23 29 21 12 23 23 42 28 35 39 24"
52,5,-0.6843,0.9756,0.9711,-0.2511,0.0921,"31 12 39 12 7 39 12 2 7 28 33 22 7 7 10 24 33 23 8 7 11 25 12 31 11 31 37 33 27 6 23 31 31 23 21 15 31 33 7 12 9 39 2 39 32 10 38 12 25 32 32 12 12 24 24 12 33 12 10 12 7 8 7 33 23 8 31 23 32 8 23 2 31 25 31 0 39 31 39 32 24 31 33 33 12 4 2 2 7 24 37 39 39 32 39 9 39 31 32 32 22 17 18 39 12 17 23 12 12 2 18 2 12 22 17 12 17 17 17 17 12 17 35 17 18 39 18 2 39 12 22 22 18 17 18 18 17 2 17 21 23 29 30 21 10 17 18 12 18 24 31 32 2 17 39 17 21 18 18 39 17 39 30 17 17 39 17 17 17 39 39 17 16 17 17 17 21 4 18 28 18 29 18 39 12 18 18 21 18 17 17 2 12 12 18 2 17 39 17 12 35 36 39 11 14 34 10 34 34 11 18 17 9 0 36 10 34 3 9 12 34 34 6 0 36 35 13 36 34 36 29 2 36 10 12 17 12 34 1 36 34 20 34 12 16 12 12 39 18 18 35 34 39 2 5 18 3 36 17 39 18 9 2 36 2 18 34 36 39 12 9 39 11 18 40 17 17 35 39 12 17 35 12 17 12 18 39 18 34 9 36 28 29 35 18 11 18 39 39 12 8 8 7 38 12 33 29 12 39 31 39 7 27 7 8 33 8 31 30 0 40 33 2 7 18 39 12 13 0 39 39 8 7 7 8 39 32 28 12 8 32 20 7 39 17 39 8 0 13 8 7 31 8 7 41 39 39 8 30 29 28 2 17 17 37 31 31 31 8 29 8 0 17 17 8 1 33 1 0 7 33 7 0 40 18 7 3 18 39 0 0 8 32 8 12 7 39 17 33 39 39 24 34 24 34 23 24 34 34 12 31 3 23 35 12 34 23 23 12 34 23 12 36 12 24 17 28 12 12 31 23 30 23 23 35 12 12 12 27 0 28 12 23 39 26 34 18 15 2 39 24 39 39 33 39 35 23 29 22 36 39 39 12 34 39 24 12 42 21 42 24 34 39 23 11 21 12 35 24 28 34 39 34 23 12 12 39 39 35 23 29 21 12 23 23 42 28 35 39 24"
53,5,-0.6843,0.9756,0.9711,-0.2478,0.1398,"31 12 39 12 7 39 12 2 7 28 33 22 7 7 10 24 33 23 8 7 11 25 12 31 11 31 37 33 27 6 23 31 31 23 21 15 31 33 7 12 9 39 2 39 32 10 38 12 25 32 32 12 12 24 24 12 33 12 10 12 7 8 7 33 23 8 31 23 32 8 23 2 31 25 31 0 39 31 39 32 24 31 33 33 12 4 2 2 7 24 37 39 39 32 39 9 39 31 32 32 22 17 18 39 12 17 23 12 12 2 18 2 12 22 17 12 17 17 17 17 12 17 35 17 18 39 18 2 39 12 22 22 18 17 18 18 17 2 17 21 23 29 30 21 10 17 18 12 18 24 31 32 2 17 39 17 21 18 18 39 17 39 30 17 17 39 17 17 17 39 39 17 16 17 17 17 21 4 18 28 18 29 18 39 12 18 18 21 18 17 17 2 12 12 18 2 17 39 17 12 35 36 39 11 14 34 10 34 34 11 18 17 9 0 36 10 34 3 9 12 34 34 6 0 36 35 13 36 34 36 29 2 36 10 12 17 12 34 1 36 34 20 34 12 16 12 12 39 18 18 35 34 39 2 5 18 3 36 17 39 18 9 2 36 2 18 34 36 39 12 9 39 11 18 40 17 17 35 39 12 17 35 12 17 12 18 39 18 34 9 36 28 29 35 18 11 18 39 39 12 8 8 7 38 12 33 29 12 39 31 39 7 27 7 8 33 8 31 30 0 40 33 2 7 18 39 12 13 0 39 39 8 7 7 8 39 32 28 12 8 32 20 7 39 17 39 8 0 13 8 7 31 8 7 41 39 39 8 30 29 28 2 17 17 37 31 31 31 8 29 8 0 17 17 8 1 33 1 0 7 33 7 0 40 18 7 3 18 39 0 0 8 32 8 12 7 39 17 33 39 39 24 34 24 34 23 24 34 34 12 31 3 23 35 12 34 23 23 12 34 23 12 36 12 24 17 28 12 12 31 23 30 23 23 35 12 12 12 27 0 28 12 23 39 26 34 18 15 2 39 24 39 39 33 39 35 23 29 22 36 39 39 12 34 39 24 12 42 21 42 24 34 39 23 11 21 12 35 24 28 34 39 34 23 12 12 39 39 35 23 29 21 12 23 23 42 28 35 39 24"
54,5,-0.6843,0.9756,0.9711,-0.2483,0.1056,"31 12 39 12 7 39 12 2 7 28 33 22 7 7 10 24 33 23 8 7 11 25 12 31 11 31 37 33 27 6 23 31 31 23 21 15 31 33 7 12 9 39 2 39 32 10 38 12 25 32 32 12 12 24 24 12 33 12 10 12 7 8 7 33 23 8 31 23 32 8 23 2 31 25 31 0 39 31 39 32 24 31 33 33 12 4 2 2 7 24 37 39 39 32 39 9 39 31 32 32 22 17 18 39 12 17 23 12 12 2 18 2 12 22 17 12 17 17 17 17 12 17 35 17 18 39 18 2 39 12 22 22 18 17 18 18 17 2 17 21 23 29 30 21 10 17 18 12 18 24 31 32 2 17 39 17 21 18 18 39 17 39 30 17 17 39 17 17 17 39 39 17 16 17 17 17 21 4 18 28 18 29 18 39 12 18 18 21 18 17 17 2 12 12 18 2 17 39 17 12 35 36 39 11 14 34 10 34 34 11 18 17 9 0 36 10 34 3 9 12 34 34 6 0 36 35 13 36 34 36 29 2 36 10 12 17 12 34 1 36 34 20 34 12 16 12 12 39 18 18 35 34 39 2 5 18 3 36 17 39 18 9 2 36 2 18 34 36 39 12 9 39 11 18 40 17 17 35 39 12 17 35 12 17 12 18 39 18 34 9 36 28 29 35 18 11 18 39 39 12 8 8 7 38 12 33 29 12 39 31 39 7 27 7 8 33 8 31 30 0 40 33 2 7 18 39 12 13 0 39 39 8 7 7 8 39 32 28 12 8 32 20 7 39 17 39 8 0 13 8 7 31 8 7 41 39 39 8 30 29 28 2 17 17 37 31 31 31 8 29 8 0 17 17 8 1 33 1 0 7 33 7 0 40 18 7 3 18 39 0 0 8 32 8 12 7 39 17 33 39 39 24 34 24 34 23 24 34 34 12 31 3 23 35 12 34 23 23 12 34 23 12 36 12 24 17 28 12 12 31 23 30 23 23 35 12 12 12 27 0 28 12 23 39 26 34 18 15 2 39 24 39 39 33 39 35 23 29 22 36 39 39 12 34 39 24 12 42 21 42 24 34 39 23 11 21 12 35 24 28 34 39 34 23 12 12 39 39 35 23 29 21 12 23 23 42 28 35 39 24"
55,5,-0.6843,0.9756,0.9711,-0.2463,0.0749,"31 12 39 12 7 39 12 2 7 28 33 22 7 7 10 24 33 23 8 7 11 25 12 31 11 31 37 33 27 6 23 31 31 23 21 15 31 33 7 12 9 39 2 39 32 10 38 12 25 32 32 12 12 24 24 12 33 12 10 12 7 8 7 33 23 8 31 23 32 8 23 2 31 25 31 0 39 31 39 32 24 31 33 33 12 4 2 2 7 24 37 39 39 32 39 9 39 31 32 32 22 17 18 39 12 17 23 12 12 2 18 2 12 22 17 12 17 17 17 17 12 17 35 17 18 39 18 2 39 12 22 22 18 17 18 18 17 2 17 21 23 29 30 21 10 17 18 12 18 24 31 32 2 17 39 17 21 18 18 39 17 39 30 17 17 39 17 17 17 39 39 17 16 17 17 17 21 4 18 28 18 29 18 39 12 18 18 21 18 17 17 2 12 12 18 2 17 39 17 12 35 36 39 11 14 34 10 34 34 11 18 17 9 0 36 10 34 3 9 12 34 34 6 0 36 35 13 36 34 36 29 2 36 10 12 17 12 34 1 36 34 20 34 12 16 12 12 39 18 18 35 34 39 2 5 18 3 36 17 39 18 9 2 36 2 18 34 36 39 12 9 39 11 18 40 17 17 35 39 12 17 35 12 17 12 18 39 18 34 9 36 28 29 35 18 11 18 39 39 12 8 8 7 38 12 33 29 12 39 31 39 7 27 7 8 33 8 31 30 0 40 33 2 7 18 39 12 13 0 39 39 8 7 7 8 39 32 28 12 8 32 20 7 39 17 39 8 0 13 8 7 31 8 7 41 39 39 8 30 29 28 2 17 17 37 31 31 31 8 29 8 0 17 17 8 1 33 1 0 7 33 7 0 40 18 7 3 18 39 0 0 8 32 8 12 7 39 17 33 39 39 24 34 24 34 23 24 34 34 12 31 3 23 35 12 34 23 23 12 34 23 12 36 12 24 17 28 12 12 31 23 30 23 23 35 12 12 12 27 0 28 12 23 39 26 34 18 15 2 39 24 39 39 33 39 35 23 29 22 36 39 39 12 34 39 24 12 42 21 42 24 34 39 23 11 21 12 35 24 28 34 39 34 23 12 12 39 39 35 23 29 21 12 23 23 42 28 35 39 24"
56,5,-0.6843,0.9756,0.9711,-0.2480,0.0821,"31 12 39 12 7 39 12 2 7 28 33 22 7 7 10 24 33 23 8 7 11 25 12 31 11 31 37 33 27 6 23 31 31 23 21 15 31 33 7 12 9 39 2 39 32 10 38 12 25 32 32 12 12 24 24 12 33 12 10 12 7 8 7 33 23 8 31 23 32 8 23 2 31 25 31 0 39 31 39 32 24 31 33 33 12 4 2 2 7 24 37 39 39 32 39 9 39 31 32 32 22 17 18 39 12 17 23 12 12 2 18 2 12 22 17 12 17 17 17 17 12 17 35 17 18 39 18 2 39 12 22 22 18 17 18 18 17 2 17 21 23 29 30 21 10 17 18 12 18 24 31 32 2 17 39 17 21 18 18 39 17 39 30 17 17 39 17 17 17 39 39 17 16 17 17 17 21 4 18 28 18 29 18 39 12 18 18 21 18 17 17 2 12 12 18 2 17 39 17 12 35 36 39 11 14 34 10 34 34 11 18 17 9 0 36 10 34 3 9 12 34 34 6 0 36 35 13 36 34 36 29 2 36 10 12 17 12 34 1 36 34 20 34 12 16 12 12 39 18 18 35 34 39 2 5 18 3 36 17 39 18 9 2 36 2 18 34 36 39 12 9 39 11 18 40 17 17 35 39 12 17 35 12 17 12 18 39 18 34 9 36 28 29 35 18 11 18 39 39 12 8 8 7 38 12 33 29 12 39 31 39 7 27 7 8 33 8 31 30 0 40 33 2 7 18 39 12 13 0 39 39 8 7 7 8 39 32 28 12 8 32 20 7 39 17 39 8 0 13 8 7 31 8 7 41 39 39 8 30 29 28 2 17 17 37 31 31 31 8 29 8 0 17 17 8 1 33 1 0 7 33 7 0 40 18 7 3 18 39 0 0 8 32 8 12 7 39 17 33 39 39 24 34 24 34 23 24 34 34 12 31 3 23 35 12 34 23 23 12 34 23 12 36 12 24 17 28 12 12 31 23 30 23 23 35 12 12 12 27 0 28 12 23 39 26 34 18 15 2 39 24 39 39 33 39 35 23 29 22 36 39 39 12 34 39 24 12 42 21 42 24 34 39 23 11 21 12 35 24 28 34 39 34 23 12 12 39 39 35 23 29 21 12 23 23 42 28 35 39 24"
57,5,-0.6843,0.9756,0.9711,-0.2509,0.1506,"31 12 39 12 7 39 12 2 7 28 33 22 7 7 10 24 33 23 8 7 11 25 12 31 11 31 37 33 27 6 23 31 31 23 21 15 31 33 7 12 9 39 2 39 32 10 38 12 25 32 32 12 12 24 24 12 33 12 10 12 7 8 7 33 23 8 31 23 32 8 23 2 31 25 31 0 39 31 39 32 24 31 33 33 12 4 2 2 7 24 37 39 39 32 39 9 39 31 32 32 22 17 18 39 12 17 23 12 12 2 18 2 12 22 17 12 17 17 17 17 12 17 35 17 18 39 18 2 39 12 22 22 18 17 18 18 17 2 17 21 23 29 30 21 10 17 18 12 18 24 31 32 2 17 39 17 21 18 18 39 17 39 30 17 17 39 17 17 17 39 39 17 16 17 17 17 21 4 18 28 18 29 18 39 12 18 18 21 18 17 17 2 12 12 18 2 17 39 17 12 35 36 39 11 14 34 10 34 34 11 18 17 9 0 36 10 34 3 9 12 34 34 6 0 36 35 13 36 34 36 29 2 36 10 12 17 12 34 1 36 34 20 34 12 16 12 12 39 18 18 35 34 39 2 5 18 3 36 17 39 18 9 2 36 2 18 34 36 39 12 9 39 11 18 40 17 17 35 39 12 17 35 12 17 12 18 39 18 34 9 36 28 29 35 18 11 18 39 39 12 8 8 7 38 12 33 29 12 39 31 39 7 27 7 8 33 8 31 30 0 40 33 2 7 18 39 12 13 0 39 39 8 7 7 8 39 32 28 12 8 32 20 7 39 17 39 8 0 13 8 7 31 8 7 41 39 39 8 30 29 28 2 17 17 37 31 31 31 8 29 8 0 17 17 8 1 33 1 0 7 33 7 0 40 18 7 3 18 39 0 0 8 32 8 12 7 39 17 33 39 39 24 34 24 34 23 24 34 34 12 31 3 23 35 12 34 23 23 12 34 23 12 36 12 24 17 28 12 12 31 23 30 23 23 35 12 12 12 27 0 28 12 23 39 26 34 18 15 2 39 24 39 39 33 39 35 23 29 22 36 39 39 12 34 39 24 12 42 21 42 24 34 39 23 11 21 12 35 24 28 34 39 34 23 12 12 39 39 35 23 29 21 12 23 23 42 28 35 39 24"
58,5,-0.6843,0.9756,0.9711,-0.2520,0.0966,"31 12 39 12 7 39 12 2 7 28 33 22 7 7 10 24 33 23 8 7 11 25 12 31 11 31 37 33 27 6 23 31 31 23 21 15 31 33 7 12 9 39 2 39 32 10 38 12 25 32 32 12 12 24 24 12 33 12 10 12 7 8 7 33 23 8 31 23 32 8 23 2 31 25 31 0 39 31 39 32 24 31 33 33 12 4 2 2 7 24 37 39 39 32 39 9 39 31 32 32 22 17 18 39 12 17 23 12 12 2 18 2 12 22 17 12 17 17 17 17 12 17 35 17 18 39 18 2 39 12 22 22 18 17 18 18 17 2 17 21 23 29 30 21 10 17 18 12 18 24 31 32 2 17 39 17 21 18 18 39 17 39 30 17 17 39 17 17 17 39 39 17 16 17 17 17 21 4 18 28 18 29 18 39 12 18 18 21 18 17 17 2 12 12 18 2 17 39 17 12 35 36 39 11 14 34 10 34 34 11 18 17 9 0 36 10 34 3 9 12 34 34 6 0 36 35 13 36 34 36 29 2 36 10 12 17 12 34 1 36 34 20 34 12 16 12 12 39 18 18 35 34 39 2 5 18 3 36 17 39 18 9 2 36 2 18 34 36 39 12 9 39 11 18 40 17 17 35 39 12 17 35 12 17 12 18 39 18 34 9 36 28 29 35 18 11 18 39 39 12 8 8 7 38 12 33 29 12 39 31 39 7 27 7 8 33 8 31 30 0 40 33 2 7 18 39 12 13 0 39 39 8 7 7 8 39 32 28 12 8 32 20 7 39 17 39 8 0 13 8 7 31 8 7 41 39 39 8 30 29 28 2 17 17 37 31 31 31 8 29 8 0 17 17 8 1 33 1 0 7 33 7 0 40 18 7 3 18 39 0 0 8 32 8 12 7 39 17 33 39 39 24 34 24 34 23 24 34 34 12 31 3 23 35 12 34 23 23 12 34 23 12 36 12 24 17 28 12 12 31 23 30 23 23 35 12 12 12 27 0 28 12 23 39 26 34 18 15 2 39 24 39 39 33 39 35 23 29 22 36 39 39 12 34 39 24 12 42 21 42 24 34 39 23 11 21 12 35 24 28 34 39 34 23 12 12 39 39 35 23 29 21 12 23 23 42 28 35 39 24"
59,5,-0.6843,0.9756,0.9711,-0.2607,0.1150,"31 12 39 12 7 39 12 2 7 28 33 22 7 7 10 24 33 23 8 7 11 25 12 31 11 31 37 33 27 6 23 31 31 23 21 15 31 33 7 12 9 39 2 39 32 10 38 12 25 32 32 12 12 24 24 12 33 12 10 12 7 8 7 33 23 8 31 23 32 8 23 2 31 25 31 0 39 31 39 32 24 31 33 33 12 4 2 2 7 24 37 39 39 32 39 9 39 31 32 32 22 17 18 39 12 17 23 12 12 2 18 2 12 22 17 12 17 17 17 17 12 17 35 17 18 39 18 2 39 12 22 22 18 17 18 18 17 2 17 21 23 29 30 21 10 17 18 12 18 24 31 32 2 17 39 17 21 18 18 39 17 39 30 17 17 39 17 17 17 39 39 17 16 17 17 17 21 4 18 28 18 29 18 39 12 18 18 21 18 17 17 2 12 12 18 2 17 39 17 12 35 36 39 11 14 34 10 34 34 11 18 17 9 0 36 10 34 3 9 12 34 34 6 0 36 35 13 36 34 36 29 2 36 10 12 17 12 34 1 36 34 20 34 12 16 12 12 39 18 18 35 34 39 2 5 18 3 36 17 39 18 9 2 36 2 18 34 36 39 12 9 39 11 18 40 17 17 35 39 12 17 35 12 17 12 18 39 18 34 9 36 28 29 35 18 11 18 39 39 12 8 8 7 38 12 33 29 12 39 31 39 7 27 7 8 33 8 31 30 0 40 33 2 7 18 39 12 13 0 39 39 8 7 7 8 39 32 28 12 8 32 20 7 39 17 39 8 0 13 8 7 31 8 7 41 39 39 8 30 29 28 2 17 17 37 31 31 31 8 29 8 0 17 17 8 1 33 1 0 7 33 7 0 40 18 7 3 18 39 0 0 8 32 8 12 7 39 17 33 39 39 24 34 24 34 23 24 34 34 12 31 3 23 35 12 34 23 23 12 34 23 12 36 12 24 17 28 12 12 31 23 30 23 23 35 12 12 12 27 0 28 12 23 39 26 34 18 15 2 39 24 39 39 33 39 35 23 29 22 36 39 39 12 34 39 24 12 42 21 42 24 34 39 23 11 21 12 35 24 28 34 39 34 23 12 12 39 39 35 23 29 21 12 23 23 42 28 35 39 24"
60,5,-0.6843,0.9756,0.9711,-0.2615,0.1077,"31 12 39 12 7 39 12 2 7 28 33 22 7 7 10 24 33 23 8 7 11 25 12 31 11 31 37 33 27 6 23 31 31 23 21 15 31 33 7 12 9 39 2 39 32 10 38 12 25 32 32 12 12 24 24 12 33 12 10 12 7 8 7 33 23 8 31 23 32 8 23 2 31 25 31 0 39 31 39 32 24 31 33 33 12 4 2 2 7 24 37 39 39 32 39 9 39 31 32 32 22 17 18 39 12 17 23 12 12 2 18 2 12 22 17 12 17 17 17 17 12 17 35 17 18 39 18 2 39 12 22 22 18 17 18 18 17 2 17 21 23 29 30 21 10 17 18 12 18 24 31 32 2 17 39 17 21 18 18 39 17 39 30 17 17 39 17 17 17 39 39 17 16 17 17 17 21 4 18 28 18 29 18 39 12 18 18 21 18 17 17 2 12 12 18 2 17 39 17 12 35 36 39 11 14 34 10 34 34 11 18 17 9 0 36 10 34 3 9 12 34 34 6 0 36 35 13 36 34 36 29 2 36 10 12 17 12 34 1 36 34 20 34 12 16 12 12 39 18 18 35 34 39 2 5 18 3 36 17 39 18 9 2 36 2 18 34 36 39 12 9 39 11 18 40 17 17 35 39 12 17 35 12 17 12 18 39 18 34 9 36 28 29 35 18 11 18 39 39 12 8 8 7 38 12 33 29 12 39 31 39 7 27 7 8 33 8 31 30 0 40 33 2 7 18 39 12 13 0 39 39 8 7 7 8 39 32 28 12 8 32 20 7 39 17 39 8 0 13 8 7 31 8 7 41 39 39 8 30 29 28 2 17 17 37 31 31 31 8 29 8 0 17 17 8 1 33 1 0 7 33 7 0 40 18 7 3 18 39 0 0 8 32 8 12 7 39 17 33 39 39 24 34 24 34 23 24 34 34 12 31 3 23 35 12 34 23 23 12 34 23 12 36 12 24 17 28 12 12 31 23 30 23 23 35 12 12 12 27 0 28 12 23 39 26 34 18 15 2 39 24 39 39 33 39 35 23 29 22 36 39 39 12 34 39 24 12 42 21 42 24 34 39 23 11 21 12 35 24 28 34 39 34 23 12 12 39 39 35 23 29 21 12 23 23 42 28 35 39 24"
61,5,-0.6843,0.9756,0.9711,-0.2652,0.1475,"31 12 39 12 7 39 12 2 7 28 33 22 7 7 10 24 33 23 8 7 11 25 12 31 11 31 37 33 27 6 23 31 31 23 21 15 31 33 7 12 9 39 2 39 32 10 38 12 25 32 32 12 12 24 24 12 33 12 10 12 7 8 7 33 23 8 31 23 32 8 23 2 31 25 31 0 39 31 39 32 24 31 33 33 12 4 2 2 7 24 37 39 39 32 39 9 39 31 32 32 22 17 18 39 12 17 23 12 12 2 18 2 12 22 17 12 17 17 17 17 12 17 35 17 18 39 18 2 39 12 22 22 18 17 18 18 17 2 17 21 23 29 30 21 10 17 18 12 18 24 31 32 2 17 39 17 21 18 18 39 17 39 30 17 17 39 17 17 17 39 39 17 16 17 17 17 21 4 18 28 18 29 18 39 12 18 18 21 18 17 17 2 12 12 18 2 17 39 17 12 35 36 39 11 14 34 10 34 34 11 18 17 9 0 36 10 34 3 9 12 34 34 6 0 36 35 13 36 34 36 29 2 36 10 12 17 12 34 1 36 34 20 34 12 16 12 12 39 18 18 35 34 39 2 5 18 3 36 17 39 18 9 2 36 2 18 34 36 39 12 9 39 11 18 40 17 17 35 39 12 17 35 12 17 12 18 39 18 34 9 36 28 29 35 18 11 18 39 39 12 8 8 7 38 12 33 29 12 39 31 39 7 27 7 8 33 8 31 30 0 40 33 2 7 18 39 12 13 0 39 39 8 7 7 8 39 32 28 12 8 32 20 7 39 17 39 8 0 13 8 7 31 8 7 41 39 39 8 30 29 28 2 17 17 37 31 31 31 8 29 8 0 17 17 8 1 33 1 0 7 33 7 0 40 18 7 3 18 39 0 0 8 32 8 12 7 39 17 33 39 39 24 34 24 34 23 24 34 34 12 31 3 23 35 12 34 23 23 12 34 23 12 36 12 24 17 28 12 12 31 23 30 23 23 35 12 12 12 27 0 28 12 23 39 26 34 18 15 2 39 24 39 39 33 39 35 23 29 22 36 39 39 12 34 39 24 12 42 21 42 24 34 39 23 11 21 12 35 24 28 34 39 34 23 12 12 39 39 35 23 29 21 12 23 23 42 28 35 39 24"
62,5,-0.6843,0.9756,0.9711,-0.2597,0.1072,"31 12 39 12 7 39 12 2 7 28 33 22 7 7 10 24 33 23 8 7 11 25 12 31 11 31 37 33 27 6 23 31 31 23 21 15 31 33 7 12 9 39 2 39 32 10 38 12 25 32 32 12 12 24 24 12 33 12 10 12 7 8 7 33 23 8 31 23 32 8 23 2 31 25 31 0 39 31 39 32 24 31 33 33 12 4 2 2 7 24 37 39 39 32 39 9 39 31 32 32 22 17 18 39 12 17 23 12 12 2 18 2 12 22 17 12 17 17 17 17 12 17 35 17 18 39 18 2 39 12 22 22 18 17 18 18 17 2 17 21 23 29 30 21 10 17 18 12 18 24 31 32 2 17 39 17 21 18 18 39 17 39 30 17 17 39 17 17 17 39 39 17 16 17 17 17 21 4 18 28 18 29 18 39 12 18 18 21 18 17 17 2 12 12 18 2 17 39 17 12 35 36 39 11 14 34 10 34 34 11 18 17 9 0 36 10 34 3 9 12 34 34 6 0 36 35 13 36 34 36 29 2 36 10 12 17 12 34 1 36 34 20 34 12 16 12 12 39 18 18 35 34 39 2 5 18 3 36 17 39 18 9 2 36 2 18 34 36 39 12 9 39 11 18 40 17 17 35 39 12 17 35 12 17 12 18 39 18 34 9 36 28 29 35 18 11 18 39 39 12 8 8 7 38 12 33 29 12 39 31 39 7 27 7 8 33 8 31 30 0 40 33 2 7 18 39 12 13 0 39 39 8 7 7 8 39 32 28 12 8 32 20 7 39 17 39 8 0 13 8 7 31 8 7 41 39 39 8 30 29 28 2 17 17 37 31 31 31 8 29 8 0 17 17 8 1 33 1 0 7 33 7 0 40 18 7 3 18 39 0 0 8 32 8 12 7 39 17 33 39 39 24 34 24 34 23 24 34 34 12 31 3 23 35 12 34 23 23 12 34 23 12 36 12 24 17 28 12 12 31 23 30 23 23 35 12 12 12 27 0 28 12 23 39 26 34 18 15 2 39 24 39 39 33 39 35 23 29 22 36 39 39 12 34 39 24 12 42 21 42 24 34 39 23 11 21 12 35 24 28 34 39 34 23 12 12 39 39 35 23 29 21 12 23 23 42 28 35 39 24"
63,5,-0.6843,0.9756,0.9711,-0.2578,0.0926,"31 12 39 12 7 39 12 2 7 28 33 22 7 7 10 24 33 23 8 7 11 25 12 31 11 31 37 33 27 6 23 31 31 23 21 15 31 33 7 12 9 39 2 39 32 10 38 12 25 32 32 12 12 24 24 12 33 12 10 12 7 8 7 33 23 8 31 23 32 8 23 2 31 25 31 0 39 31 39 32 24 31 33 33 12 4 2 2 7 24 37 39 39 32 39 9 39 31 32 32 22 17 18 39 12 17 23 12 12 2 18 2 12 22 17 12 17 17 17 17 12 17 35 17 18 39 18 2 39 12 22 22 18 17 18 18 17 2 17 21 23 29 30 21 10 17 18 12 18 24 31 32 2 17 39 17 21 18 18 39 17 39 30 17 17 39 17 17 17 39 39 17 16 17 17 17 21 4 18 28 18 29 18 39 12 18 18 21 18 17 17 2 12 12 18 2 17 39 17 12 35 36 39 11 14 34 10 34 34 11 18 17 9 0 36 10 34 3 9 12 34 34 6 0 36 35 13 36 34 36 29 2 36 10 12 17 12 34 1 36 34 20 34 12 16 12 12 39 18 18 35 34 39 2 5 18 3 36 17 39 18 9 2 36 2 18 34 36 39 12 9 39 11 18 40 17 17 35 39 12 17 35 12 17 12 18 39 18 34 9 36 28 29 35 18 11 18 39 39 12 8 8 7 38 12 33 29 12 39 31 39 7 27 7 8 33 8 31 30 0 40 33 2 7 18 39 12 13 0 39 39 8 7 7 8 39 32 28 12 8 32 20 7 39 17 39 8 0 13 8 7 31 8 7 41 39 39 8 30 29 28 2 17 17 37 31 31 31 8 29 8 0 17 17 8 1 33 1 0 7 33 7 0 40 18 7 3 18 39 0 0 8 32 8 12 7 39 17 33 39 39 24 34 24 34 23 24 34 34 12 31 3 23 35 12 34 23 23 12 34 23 12 36 12 24 17 28 12 12 31 23 30 23 23 35 12 12 12 27 0 28 12 23 39 26 34 18 15 2 39 24 39 39 33 39 35 23 29 22 36 39 39 12 34 39 24 12 42 21 42 24 34 39 23 11 21 12 35 24 28 34 39 34 23 12 12 39 39 35 23 29 21 12 23 23 42 28 35 39 24"
64,5,-0.6843,0.9756,0.9711,-0.2555,0.1334,"31 12 39 12 7 39 12 2 7 28 33 22 7 7 10 24 33 23 8 7 11 25 12 31 11 31 37 33 27 6 23 31 31 23 21 15 31 33 7 12 9 39 2 39 32 10 38 12 25 32 32 12 12 24 24 12 33 12 10 12 7 8 7 33 23 8 31 23 32 8 23 2 31 25 31 0 39 31 39 32 24 31 33 33 12 4 2 2 7 24 37 39 39 32 39 9 39 31 32 32 22 17 18 39 12 17 23 12 12 2 18 2 12 22 17 12 17 17 17 17 12 17 35 17 18 39 18 2 39 12 22 22 18 17 18 18 17 2 17 21 23 29 30 21 10 17 18 12 18 24 31 32 2 17 39 17 21 18 18 39 17 39 30 17 17 39 17 17 17 39 39 17 16 17 17 17 21 4 18 28 18 29 18 39 12 18 18 21 18 17 17 2 12 12 18 2 17 39 17 12 35 36 39 11 14 34 10 34 34 11 18 17 9 0 36 10 34 3 9 12 34 34 6 0 36 35 13 36 34 36 29 2 36 10 12 17 12 34 1 36 34 20 34 12 16 12 12 39 18 18 35 34 39 2 5 18 3 36 17 39 18 9 2 36 2 18 34 36 39 12 9 39 11 18 40 17 17 35 39 12 17 35 12 17 12 18 39 18 34 9 36 28 29 35 18 11 18 39 39 12 8 8 7 38 12 33 29 12 39 31 39 7 27 7 8 33 8 31 30 0 40 33 2 7 18 39 12 13 0 39 39 8 7 7 8 39 32 28 12 8 32 20 7 39 17 39 8 0 13 8 7 31 8 7 41 39 39 8 30 29 28 2 17 17 37 31 31 31 8 29 8 0 17 17 8 1 33 1 0 7 33 7 0 40 18 7 3 18 39 0 0 8 32 8 12 7 39 17 33 39 39 24 34 24 34 23 24 34 34 12 31 3 23 35 12 34 23 23 12 34 23 12 36 12 24 17 28 12 12 31 23 30 23 23 35 12 12 12 27 0 28 12 23 39 26 34 18 15 2 39 24 39 39 33 39 35 23 29 22 36 39 39 12 34 39 24 12 42 21 42 24 34 39 23 11 21 12 35 24 28 34 39 34 23 12 12 39 39 35 23 29 21 12 23 23 42 28 35 39 24"
65,5,-0.6843,0.9756,0.9711,-0.2609,0.1437,"31 12 39 12 7 39 12 2 7 28 33 22 7 7 10 24 33 23 8 7 11 25 12 31 11 31 37 33 27 6 23 31 31 23 21 15 31 33 7 12 9 39 2 39 32 10 38 12 25 32 32 12 12 24 24 12 33 12 10 12 7 8 7 33 23 8 31 23 32 8 23 2 31 25 31 0 39 31 39 32 24 31 33 33 12 4 2 2 7 24 37 39 39 32 39 9 39 31 32 32 22 17 18 39 12 17 23 12 12 2 18 2 12 22 17 12 17 17 17 17 12 17 35 17 18 39 18 2 39 12 22 22 18 17 18 18 17 2 17 21 23 29 30 21 10 17 18 12 18 24 31 32 2 17 39 17 21 18 18 39 17 39 30 17 17 39 17 17 17 39 39 17 16 17 17 17 21 4 18 28 18 29 18 39 12 18 18 21 18 17 17 2 12 12 18 2 17 39 17 12 35 36 39 11 14 34 10 34 34 11 18 17 9 0 36 10 34 3 9 12 34 34 6 0 36 35 13 36 34 36 29 2 36 10 12 17 12 34 1 36 34 20 34 12 16 12 12 39 18 18 35 34 39 2 5 18 3 36 17 39 18 9 2 36 2 18 34 36 39 12 9 39 11 18 40 17 17 35 39 12 17 35 12 17 12 18 39 18 34 9 36 28 29 35 18 11 18 39 39 12 8 8 7 38 12 33 29 12 39 31 39 7 27 7 8 33 8 31 30 0 40 33 2 7 18 39 12 13 0 39 39 8 7 7 8 39 32 28 12 8 32 20 7 39 17 39 8 0 13 8 7 31 8 7 41 39 39 8 30 29 28 2 17 17 37 31 31 31 8 29 8 0 17 17 8 1 33 1 0 7 33 7 0 40 18 7 3 18 39 0 0 8 32 8 12 7 39 17 33 39 39 24 34 24 34 23 24 34 34 12 31 3 23 35 12 34 23 23 12 34 23 12 36 12 24 17 28 12 12 31 23 30 23 23 35 12 12 12 27 0 28 12 23 39 26 34 18 15 2 39 24 39 39 33 39 35 23 29 22 36 39 39 12 34 39 24 12 42 21 42 24 34 39 23 11 21 12 35 24 28 34 39 34 23 12 12 39 39 35 23 29 21 12 23 23 42 28 35 39 24"
66,5,-0.6843,0.9756,0.9711,-0.2605,0.1273,"31 12 39 12 7 39 12 2 7 28 33 22 7 7 10 24 33 23 8 7 11 25 12 31 11 31 37 33 27 6 23 31 31 23 21 15 31 33 7 12 9 39 2 39 32 10 38 12 25 32 32 12 12 24 24 12 33 12 10 12 7 8 7 33 23 8 31 23 32 8 23 2 31 25 31 0 39 31 39 32 24 31 33 33 12 4 2 2 7 24 37 39 39 32 39 9 39 31 32 32 22 17 18 39 12 17 23 12 12 2 18 2 12 22 17 12 17 17 17 17 12 17 35 17 18 39 18 2 39 12 22 22 18 17 18 18 17 2 17 21 23 29 30 21 10 17 18 12 18 24 31 32 2 17 39 17 21 18 18 39 17 39 30 17 17 39 17 17 17 39 39 17 16 17 17 17 21 4 18 28 18 29 18 39 12 18 18 21 18 17 17 2 12 12 18 2 17 39 17 12 35 36 39 11 14 34 10 34 34 11 18 17 9 0 36 10 34 3 9 12 34 34 6 0 36 35 13 36 34 36 29 2 36 10 12 17 12 34 1 36 34 20 34 12 16 12 12 39 18 18 35 34 39 2 5 18 3 36 17 39 18 9 2 36 2 18 34 36 39 12 9 39 11 18 40 17 17 35 39 12 17 35 12 17 12 18 39 18 34 9 36 28 29 35 18 11 18 39 39 12 8 8 7 38 12 33 29 12 39 31 39 7 27 7 8 33 8 31 30 0 40 33 2 7 18 39 12 13 0 39 39 8 7 7 8 39 32 28 12 8 32 20 7 39 17 39 8 0 13 8 7 31 8 7 41 39 39 8 30 29 28 2 17 17 37 31 31 31 8 29 8 0 17 17 8 1 33 1 0 7 33 7 0 40 18 7 3 18 39 0 0 8 32 8 12 7 39 17 33 39 39 24 34 24 34 23 24 34 34 12 31 3 23 35 12 34 23 23 12 34 23 12 36 12 24 17 28 12 12 31 23 30 23 23 35 12 12 12 27 0 28 12 23 39 26 34 18 15 2 39 24 39 39 33 39 35 23 29 22 36 39 39 12 34 39 24 12 42 21 42 24 34 39 23 11 21 12 35 24 28 34 39 34 23 12 12 39 39 35 23 29 21 12 23 23 42 28 35 39 24"
67,5,-0.6843,0.9756,0.9711,-0.2539,0.1167,"31 12 39 12 7 39 12 2 7 28 33 22 7 7 10 24 33 23 8 7 11 25 12 31 11 31 37 33 27 6 23 31 31 23 21 15 31 33 7 12 9 39 2 39 32 10 38 12 25 32 32 12 12 24 24 12 33 12 10 12 7 8 7 33 23 8 31 23 32 8 23 2 31 25 31 0 39 31 39 32 24 31 33 33 12 4 2 2 7 24 37 39 39 32 39 9 39 31 32 32 22 17 18 39 12 17 23 12 12 2 18 2 12 22 17 12 17 17 17 17 12 17 35 17 18 39 18 2 39 12 22 22 18 17 18 18 17 2 17 21 23 29 30 21 10 17 18 12 18 24 31 32 2 17 39 17 21 18 18 39 17 39 30 17 17 39 17 17 17 39 39 17 16 17 17 17 21 4 18 28 18 29 18 39 12 18 18 21 18 17 17 2 12 12 18 2 17 39 17 12 35 36 39 11 14 34 10 34 34 11 18 17 9 0 36 10 34 3 9 12 34 34 6 0 36 35 13 36 34 36 29 2 36 10 12 17 12 34 1 36 34 20 34 12 16 12 12 39 18 18 35 34 39 2 5 18 3 36 17 39 18 9 2 36 2 18 34 36 39 12 9 39 11 18 40 17 17 35 39 12 17 35 12 17 12 18 39 18 34 9 36 28 29 35 18 11 18 39 39 12 8 8 7 38 12 33 29 12 39 31 39 7 27 7 8 33 8 31 30 0 40 33 2 7 18 39 12 13 0 39 39 8 7 7 8 39 32 28 12 8 32 20 7 39 17 39 8 0 13 8 7 31 8 7 41 39 39 8 30 29 28 2 17 17 37 31 31 31 8 29 8 0 17 17 8 1 33 1 0 7 33 7 0 40 18 7 3 18 39 0 0 8 32 8 12 7 39 17 33 39 39 24 34 24 34 23 24 34 34 12 31 3 23 35 12 34 23 23 12 34 23 12 36 12 24 17 28 12 12 31 23 30 23 23 35 12 12 12 27 0 28 12 23 39 26 34 18 15 2 39 24 39 39 33 39 35 23 29 22 36 39 39 12 34 39 24 12 42 21 42 24 34 39 23 11 21 12 35 24 28 34 39 34 23 12 12 39 39 35 23 29 21 12 23 23 42 28 35 39 24"
68,5,-0.6843,0.9756,0.9711,-0.2496,0.1106,"31 12 39 12 7 39 12 2 7 28 33 22 7 7 10 24 33 23 8 7 11 25 12 31 11 31 37 33 27 6 23 31 31 23 21 15 31 33 7 12 9 39 2 39 32 10 38 12 25 32 32 12 12 24 24 12 33 12 10 12 7 8 7 33 23 8 31 23 32 8 23 2 31 25 31 0 39 31 39 32 24 31 33 33 12 4 2 2 7 24 37 39 39 32 39 9 39 31 32 32 22 17 18 39 12 17 23 12 12 2 18 2 12 22 17 12 17 17 17 17 12 17 35 17 18 39 18 2 39 12 22 22 18 17 18 18 17 2 17 21 23 29 30 21 10 17 18 12 18 24 31 32 2 17 39 17 21 18 18 39 17 39 30 17 17 39 17 17 17 39 39 17 16 17 17 17 21 4 18 28 18 29 18 39 12 18 18 21 18 17 17 2 12 12 18 2 17 39 17 12 35 36 39 11 14 34 10 34 34 11 18 17 9 0 36 10 34 3 9 12 34 34 6 0 36 35 13 36 34 36 29 2 36 10 12 17 12 34 1 36 34 20 34 12 16 12 12 39 18 18 35 34 39 2 5 18 3 36 17 39 18 9 2 36 2 18 34 36 39 12 9 39 11 18 40 17 17 35 39 12 17 35 12 17 12 18 39 18 34 9 36 28 29 35 18 11 18 39 39 12 8 8 7 38 12 33 29 12 39 31 39 7 27 7 8 33 8 31 30 0 40 33 2 7 18 39 12 13 0 39 39 8 7 7 8 39 32 28 12 8 32 20 7 39 17 39 8 0 13 8 7 31 8 7 41 39 39 8 30 29 28 2 17 17 37 31 31 31 8 29 8 0 17 17 8 1 33 1 0 7 33 7 0 40 18 7 3 18 39 0 0 8 32 8 12 7 39 17 33 39 39 24 34 24 34 23 24 34 34 12 31 3 23 35 12 34 23 23 12 34 23 12 36 12 24 17 28 12 12 31 23 30 23 23 35 12 12 12 27 0 28 12 23 39 26 34 18 15 2 39 24 39 39 33 39 35 23 29 22 36 39 39 12 34 39 24 12 42 21 42 24 34 39 23 11 21 12 35 24 28 34 39 34 23 12 12 39 39 35 23 29 21 12 23 23 42 28 35 39 24"
69,5,-0.6843,0.9756,0.9711,-0.2545,0.1518,"31 12 39 12 7 39 12 2 7 28 33 22 7 7 10 24 33 23 8 7 11 25 12 31 11 31 37 33 27 6 23 31 31 23 21 15 31 33 7 12 9 39 2 39 32 10 38 12 25 32 32 12 12 24 24 12 33 12 10 12 7 8 7 33 23 8 31 23 32 8 23 2 31 25 31 0 39 31 39 32 24 31 33 33 12 4 2 2 7 24 37 39 39 32 39 9 39 31 32 32 22 17 18 39 12 17 23 12 12 2 18 2 12 22 17 12 17 17 17 17 12 17 35 17 18 39 18 2 39 12 22 22 18 17 18 18 17 2 17 21 23 29 30 21 10 17 18 12 18 24 31 32 2 17 39 17 21 18 18 39 17 39 30 17 17 39 17 17 17 39 39 17 16 17 17 17 21 4 18 28 18 29 18 39 12 18 18 21 18 17 17 2 12 12 18 2 17 39 17 12 35 36 39 11 14 34 10 34 34 11 18 17 9 0 36 10 34 3 9 12 34 34 6 0 36 35 13 36 34 36 29 2 36 10 12 17 12 34 1 36 34 20 34 12 16 12 12 39 18 18 35 34 39 2 5 18 3 36 17 39 18 9 2 36 2 18 34 36 39 12 9 39 11 18 40 17 17 35 39 12 17 35 12 17 12 18 39 18 34 9 36 28 29 35 18 11 18 39 39 12 8 8 7 38 12 33 29 12 39 31 39 7 27 7 8 33 8 31 30 0 40 33 2 7 18 39 12 13 0 39 39 8 7 7 8 39 32 28 12 8 32 20 7 39 17 39 8 0 13 8 7 31 8 7 41 39 39 8 30 29 28 2 17 17 37 31 31 31 8 29 8 0 17 17 8 1 33 1 0 7 33 7 0 40 18 7 3 18 39 0 0 8 32 8 12 7 39 17 33 39 39 24 34 24 34 23 24 34 34 12 31 3 23 35 12 34 23 23 12 34 23 12 36 12 24 17 28 12 12 31 23 30 23 23 35 12 12 12 27 0 28 12 23 39 26 34 18 15 2 39 24 39 39 33 39 35 23 29 22 36 39 39 12 34 39 24 12 42 21 42 24 34 39 23 11 21 12 35 24 28 34 39 34 23 12 12 39 39 35 23 29 21 12 23 23 42 28 35 39 24"
70,5,-0.6843,0.9756,0.9711,-0.2606,0.0937,"31 12 39 12 7 39 12 2 7 28 33 22 7 7 10 24 33 23 8 7 11 25 12 31 11 31 37 33 27 6 23 31 31 23 21 15 31 33 7 12 9 39 2 39 32 10 38 12 25 32 32 12 12 24 24 12 33 12 10 12 7 8 7 33 23 8 31 23 32 8 23 2 31 25 31 0 39 31 39 32 24 31 33 33 12 4 2 2 7 24 37 39 39 32 39 9 39 31 32 32 22 17 18 39 12 17 23 12 12 2 18 2 12 22 17 12 17 17 17 17 12 17 35 17 18 39 18 2 39 12 22 22 18 17 18 18 17 2 17 21 23 29 30 21 10 17 18 12 18 24 31 32 2 17 39 17 21 18 18 39 17 39 30 17 17 39 17 17 17 39 39 17 16 17 17 17 21 4 18 28 18 29 18 39 12 18 18 21 18 17 17 2 12 12 18 2 17 39 17 12 35 36 39 11 14 34 10 34 34 11 18 17 9 0 36 10 34 3 9 12 34 34 6 0 36 35 13 36 34 36 29 2 36 10 12 17 12 34 1 36 34 20 34 12 16 12 12 39 18 18 35 34 39 2 5 18 3 36 17 39 18 9 2 36 2 18 34 36 39 12 9 39 11 18 40 17 17 35 39 12 17 35 12 17 12 18 39 18 34 9 36 28 29 35 18 11 18 39 39 12 8 8 7 38 12 33 29 12 39 31 39 7 27 7 8 33 8 31 30 0 40 33 2 7 18 39 12 13 0 39 39 8 7 7 8 39 32 28 12 8 32 20 7 39 17 39 8 0 13 8 7 31 8 7 41 39 39 8 30 29 28 2 17 17 37 31 31 31 8 29 8 0 17 17 8 1 33 1 0 7 33 7 0 40 18 7 3 18 39 0 0 8 32 8 12 7 39 17 33 39 39 24 34 24 34 23 24 34 34 12 31 3 23 35 12 34 23 23 12 34 23 12 36 12 24 17 28 12 12 31 23 30 23 23 35 12 12 12 27 0 28 12 23 39 26 34 18 15 2 39 24 39 39 33 39 35 23 29 22 36 39 39 12 34 39 24 12 42 21 42 24 34 39 23 11 21 12 35 24 28 34 39 34 23 12 12 39 39 35 23 29 21 12 23 23 42 28 35 39 24"
71,5,-0.6843,0.9756,0.9711,-0.2536,0.0928,"31 12 39 12 7 39 12 2 7 28 33 22 7 7 10 24 33 23 8 7 11 25 12 31 11 31 37 33 27 6 23 31 31 23 21 15 31 33 7 12 9 39 2 39 32 10 38 12 25 32 32 12 12 24 24 12 33 12 10 12 7 8 7 33 23 8 31 23 32 8 23 2 31 25 31 0 39 31 39 32 24 31 33 33 12 4 2 2 7 24 37 39 39 32 39 9 39 31 32 32 22 17 18 39 12 17 23 12 12 2 18 2 12 22 17 12 17 17 17 17 12 17 35 17 18 39 18 2 39 12 22 22 18 17 18 18 17 2 17 21 23 29 30 21 10 17 18 12 18 24 31 32 2 17 39 17 21 18 18 39 17 39 30 17 17 39 17 17 17 39 39 17 16 17 17 17 21 4 18 28 18 29 18 39 12 18 18 21 18 17 17 2 12 12 18 2 17 39 17 12 35 36 39 11 14 34 10 34 34 11 18 17 9 0 36 10 34 3 9 12 34 34 6 0 36 35 13 36 34 36 29 2 36 10 12 17 12 34 1 36 34 20 34 12 16 12 12 39 18 18 35 34 39 2 5 18 3 36 17 39 18 9 2 36 2 18 34 36 39 12 9 39 11 18 40 17 17 35 39 12 17 35 12 17 12 18 39 18 34 9 36 28 29 35 18 11 18 39 39 12 8 8 7 38 12 33 29 12 39 31 39 7 27 7 8 33 8 31 30 0 40 33 2 7 18 39 12 13 0 39 39 8 7 7 8 39 32 28 12 8 32 20 7 39 17 39 8 0 13 8 7 31 8 7 41 39 39 8 30 29 28 2 17 17 37 31 31 31 8 29 8 0 17 17 8 1 33 1 0 7 33 7 0 40 18 7 3 18 39 0 0 8 32 8 12 7 39 17 33 39 39 24 34 24 34 23 24 34 34 12 31 3 23 35 12 34 23 23 12 34 23 12 36 12 24 17 28 12 12 31 23 30 23 23 35 12 12 12 27 0 28 12 23 39 26 34 18 15 2 39 24 39 39 33 39 35 23 29 22 36 39 39 12 34 39 24 12 42 21 42 24 34 39 23 11 21 12 35 24 28 34 39 34 23 12 12 39 39 35 23 29 21 12 23 23 42 28 35 39 24"
72,5,-0.6843,0.9756,0.9711,-0.2661,0.1595,"31 12 39 12 7 39 12 2 7 28 33 22 7 7 10 24 33 23 8 7 11 25 12 31 11 31 37 33 27 6 23 31 31 23 21 15 31 33 7 12 9 39 2 39 32 10 38 12 25 32 32 12 12 24 24 12 33 12 10 12 7 8 7 33 23 8 31 23 32 8 23 2 31 25 31 0 39 31 39 32 24 31 33 33 12 4 2 2 7 24 37 39 39 32 39 9 39 31 32 32 22 17 18 39 12 17 23 12 12 2 18 2 12 22 17 12 17 17 17 17 12 17 35 17 18 39 18 2 39 12 22 22 18 17 18 18 17 2 17 21 23 29 30 21 10 17 18 12 18 24 31 32 2 17 39 17 21 18 18 39 17 39 30 17 17 39 17 17 17 39 39 17 16 17 17 17 21 4 18 28 18 29 18 39 12 18 18 21 18 17 17 2 12 12 18 2 17 39 17 12 35 36 39 11 14 34 10 34 34 11 18 17 9 0 36 10 34 3 9 12 34 34 6 0 36 35 13 36 34 36 29 2 36 10 12 17 12 34 1 36 34 20 34 12 16 12 12 39 18 18 35 34 39 2 5 18 3 36 17 39 18 9 2 36 2 18 34 36 39 12 9 39 11 18 40 17 17 35 39 12 17 35 12 17 12 18 39 18 34 9 36 28 29 35 18 11 18 39 39 12 8 8 7 38 12 33 29 12 39 31 39 7 27 7 8 33 8 31 30 0 40 33 2 7 18 39 12 13 0 39 39 8 7 7 8 39 32 28 12 8 32 20 7 39 17 39 8 0 13 8 7 31 8 7 41 39 39 8 30 29 28 2 17 17 37 31 31 31 8 29 8 0 17 17 8 1 33 1 0 7 33 7 0 40 18 7 3 18 39 0 0 8 32 8 12 7 39 17 33 39 39 24 34 24 34 23 24 34 34 12 31 3 23 35 12 34 23 23 12 34 23 12 36 12 24 17 28 12 12 31 23 30 23 23 35 12 12 12 27 0 28 12 23 39 26 34 18 15 2 39 24 39 39 33 39 35 23 29 22 36 39 39 12 34 39 24 12 42 21 42 24 34 39 23 11 21 12 35 24 28 34 39 34 23 12 12 39 39 35 23 29 21 12 23 23 42 28 35 39 24"
73,5,-0.6843,0.9756,0.9711,-0.2614,0.1085,"31 12 39 12 7 39 12 2 7 28 33 22 7 7 10 24 33 23 8 7 11 25 12 31 11 31 37 33 27 6 23 31 31 23 21 15 31 33 7 12 9 39 2 39 32 10 38 12 25 32 32 12 12 24 24 12 33 12 10 12 7 8 7 33 23 8 31 23 32 8 23 2 31 25 31 0 39 31 39 32 24 31 33 33 12 4 2 2 7 24 37 39 39 32 39 9 39 31 32 32 22 17 18 39 12 17 23 12 12 2 18 2 12 22 17 12 17 17 17 17 12 17 35 17 18 39 18 2 39 12 22 22 18 17 18 18 17 2 17 21 23 29 30 21 10 17 18 12 18 24 31 32 2 17 39 17 21 18 18 39 17 39 30 17 17 39 17 17 17 39 39 17 16 17 17 17 21 4 18 28 18 29 18 39 12 18 18 21 18 17 17 2 12 12 18 2 17 39 17 12 35 36 39 11 14 34 10 34 34 11 18 17 9 0 36 10 34 3 9 12 34 34 6 0 36 35 13 36 34 36 29 2 36 10 12 17 12 34 1 36 34 20 34 12 16 12 12 39 18 18 35 34 39 2 5 18 3 36 17 39 18 9 2 36 2 18 34 36 39 12 9 39 11 18 40 17 17 35 39 12 17 35 12 17 12 18 39 18 34 9 36 28 29 35 18 11 18 39 39 12 8 8 7 38 12 33 29 12 39 31 39 7 27 7 8 33 8 31 30 0 40 33 2 7 18 39 12 13 0 39 39 8 7 7 8 39 32 28 12 8 32 20 7 39 17 39 8 0 13 8 7 31 8 7 41 39 39 8 30 29 28 2 17 17 37 31 31 31 8 29 8 0 17 17 8 1 33 1 0 7 33 7 0 40 18 7 3 18 39 0 0 8 32 8 12 7 39 17 33 39 39 24 34 24 34 23 24 34 34 12 31 3 23 35 12 34 23 23 12 34 23 12 36 12 24 17 28 12 12 31 23 30 23 23 35 12 12 12 27 0 28 12 23 39 26 34 18 15 2 39 24 39 39 33 39 35 23 29 22 36 39 39 12 34 39 24 12 42 21 42 24 34 39 23 11 21 12 35 24 28 34 39 34 23 12 12 39 39 35 23 29 21 12 23 23 42 28 35 39 24"
74,5,-0.6843,0.9756,0.9711,-0.2647,0.0805,"31 12 39 12 7 39 12 2 7 28 33 22 7 7 10 24 33 23 8 7 11 25 12 31 11 31 37 33 27 6 23 31 31 23 21 15 31 33 7 12 9 39 2 39 32 10 38 12 25 32 32 12 12 24 24 12 33 12 10 12 7 8 7 33 23 8 31 23 32 8 23 2 31 25 31 0 39 31 39 32 24 31 33 33 12 4 2 2 7 24 37 39 39 32 39 9 39 31 32 32 22 17 18 39 12 17 23 12 12 2 18 2 12 22 17 12 17 17 17 17 12 17 35 17 18 39 18 2 39 12 22 22 18 17 18 18 17 2 17 21 23 29 30 21 10 17 18 12 18 24 31 32 2 17 39 17 21 18 18 39 17 39 30 17 17 39 17 17 17 39 39 17 16 17 17 17 21 4 18 28 18 29 18 39 12 18 18 21 18 17 17 2 12 12 18 2 17 39 17 12 35 36 39 11 14 34 10 34 34 11 18 17 9 0 36 10 34 3 9 12 34 34 6 0 36 35 13 36 34 36 29 2 36 10 12 17 12 34 1 36 34 20 34 12 16 12 12 39 18 18 35 34 39 2 5 18 3 36 17 39 18 9 2 36 2 18 34 36 39 12 9 39 11 18 40 17 17 35 39 12 17 35 12 17 12 18 39 18 34 9 36 28 29 35 18 11 18 39 39 12 8 8 7 38 12 33 29 12 39 31 39 7 27 7 8 33 8 31 30 0 40 33 2 7 18 39 12 13 0 39 39 8 7 7 8 39 32 28 12 8 32 20 7 39 17 39 8 0 13 8 7 31 8 7 41 39 39 8 30 29 28 2 17 17 37 31 31 31 8 29 8 0 17 17 8 1 33 1 0 7 33 7 0 40 18 7 3 18 39 0 0 8 32 8 12 7 39 17 33 39 39 24 34 24 34 23 24 34 34 12 31 3 23 35 12 34 23 23 12 34 23 12 36 12 24 17 28 12 12 31 23 30 23 23 35 12 12 12 27 0 28 12 23 39 26 34 18 15 2 39 24 39 39 33 39 35 23 29 22 36 39 39 12 34 39 24 12 42 21 42 24 34 39 23 11 21 12 35 24 28 34 39 34 23 12 12 39 39 35 23 29 21 12 23 23 42 28 35 39 24"
75,5,-0.6843,0.9756,0.9711,-0.2662,0.0932,"31 12 39 12 7 39 12 2 7 28 33 22 7 7 10 24 33 23 8 7 11 25 12 31 11 31 37 33 27 6 23 31 31 23 21 15 31 33 7 12 9 39 2 39 32 10 38 12 25 32 32 12 12 24 24 12 33 12 10 12 7 8 7 33 23 8 31 23 32 8 23 2 31 25 31 0 39 31 39 32 24 31 33 33 12 4 2 2 7 24 37 39 39 32 39 9 39 31 32 32 22 17 18 39 12 17 23 12 12 2 18 2 12 22 17 12 17 17 17 17 12 17 35 17 18 39 18 2 39 12 22 22 18 17 18 18 17 2 17 21 23 29 30 21 10 17 18 12 18 24 31 32 2 17 39 17 21 18 18 39 17 39 30 17 17 39 17 17 17 39 39 17 16 17 17 17 21 4 18 28 18 29 18 39 12 18 18 21 18 17 17 2 12 12 18 2 17 39 17 12 35 36 39 11 14 34 10 34 34 11 18 17 9 0 36 10 34 3 9 12 34 34 6 0 36 35 13 36 34 36 29 2 36 10 12 17 12 34 1 36 34 20 34 12 16 12 12 39 18 18 35 34 39 2 5 18 3 36 17 39 18 9 2 36 2 18 34 36 39 12 9 39 11 18 40 17 17 35 39 12 17 35 12 17 12 18 39 18 34 9 36 28 29 35 18 11 18 39 39 12 8 8 7 38 12 33 29 12 39 31 39 7 27 7 8 33 8 31 30 0 40 33 2 7 18 39 12 13 0 39 39 8 7 7 8 39 32 28 12 8 32 20 7 39 17 39 8 0 13 8 7 31 8 7 41 39 39 8 30 29 28 2 17 17 37 31 31 31 8 29 8 0 17 17 8 1 33 1 0 7 33 7 0 40 18 7 3 18 39 0 0 8 32 8 12 7 39 17 33 39 39 24 34 24 34 23 24 34 34 12 31 3 23 35 12 34 23 23 12 34 23 12 36 12 24 17 28 12 12 31 23 30 23 23 35 12 12 12 27 0 28 12 23 39 26 34 18 15 2 39 24 39 39 33 39 35 23 29 22 36 39 39 12 34 39 24 12 42 21 42 24 34 39 23 11 21 12 35 24 28 34 39 34 23 12 12 39 39 35 23 29 21 12 23 23 42 28 35 39 24"
76,5,-0.6843,0.9756,0.9711,-0.2667,0.1344,"31 12 39 12 7 39 12 2 7 28 33 22 7 7 10 24 33 23 8 7 11 25 12 31 11 31 37 33 27 6 23 31 31 23 21 15 31 33 7 12 9 39 2 39 32 10 38 12 25 32 32 12 12 24 24 12 33 12 10 12 7 8 7 33 23 8 31 23 32 8 23 2 31 25 31 0 39 31 39 32 24 31 33 33 12 4 2 2 7 24 37 39 39 32 39 9 39 31 32 32 22 17 18 39 12 17 23 12 12 2 18 2 12 22 17 12 17 17 17 17 12 17 35 17 18 39 18 2 39 12 22 22 18 17 18 18 17 2 17 21 23 29 30 21 10 17 18 12 18 24 31 32 2 17 39 17 21 18 18 39 17 39 30 17 17 39 17 17 17 39 39 17 16 17 17 17 21 4 18 28 18 29 18 39 12 18 18 21 18 17 17 2 12 12 18 2 17 39 17 12 35 36 39 11 14 34 10 34 34 11 18 17 9 0 36 10 34 3 9 12 34 34 6 0 36 35 13 36 34 36 29 2 36 10 12 17 12 34 1 36 34 20 34 12 16 12 12 39 18 18 35 34 39 2 5 18 3 36 17 39 18 9 2 36 2 18 34 36 39 12 9 39 11 18 40 17 17 35 39 12 17 35 12 17 12 18 39 18 34 9 36 28 29 35 18 11 18 39 39 12 8 8 7 38 12 33 29 12 39 31 39 7 27 7 8 33 8 31 30 0 40 33 2 7 18 39 12 13 0 39 39 8 7 7 8 39 32 28 12 8 32 20 7 39 17 39 8 0 13 8 7 31 8 7 41 39 39 8 30 29 28 2 17 17 37 31 31 31 8 29 8 0 17 17 8 1 33 1 0 7 33 7 0 40 18 7 3 18 39 0 0 8 32 8 12 7 39 17 33 39 39 24 34 24 34 23 24 34 34 12 31 3 23 35 12 34 23 23 12 34 23 12 36 12 24 17 28 12 12 31 23 30 23 23 35 12 12 12 27 0 28 12 23 39 26 34 18 15 2 39 24 39 39 33 39 35 23 29 22 36 39 39 12 34 39 24 12 42 21 42 24 34 39 23 11 21 12 35 24 28 34 39 34 23 12 12 39 39 35 23 29 21 12 23 23 42 28 35 39 24"
77,5,-0.6843,0.9756,0.9711,-0.2678,0.1274,"31 12 39 12 7 39 12 2 7 28 33 22 7 7 10 24 33 23 8 7 11 25 12 31 11 31 37 33 27 6 23 31 31 23 21 15 31 33 7 12 9 39 2 39 32 10 38 12 25 32 32 12 12 24 24 12 33 12 10 12 7 8 7 33 23 8 31 23 32 8 23 2 31 25 31 0 39 31 39 32 24 31 33 33 12 4 2 2 7 24 37 39 39 32 39 9 39 31 32 32 22 17 18 39 12 17 23 12 12 2 18 2 12 22 17 12 17 17 17 17 12 17 35 17 18 39 18 2 39 12 22 22 18 17 18 18 17 2 17 21 23 29 30 21 10 17 18 12 18 24 31 32 2 17 39 17 21 18 18 39 17 39 30 17 17 39 17 17 17 39 39 17 16 17 17 17 21 4 18 28 18 29 18 39 12 18 18 21 18 17 17 2 12 12 18 2 17 39 17 12 35 36 39 11 14 34 10 34 34 11 18 17 9 0 36 10 34 3 9 12 34 34 6 0 36 35 13 36 34 36 29 2 36 10 12 17 12 34 1 36 34 20 34 12 16 12 12 39 18 18 35 34 39 2 5 18 3 36 17 39 18 9 2 36 2 18 34 36 39 12 9 39 11 18 40 17 17 35 39 12 17 35 12 17 12 18 39 18 34 9 36 28 29 35 18 11 18 39 39 12 8 8 7 38 12 33 29 12 39 31 39 7 27 7 8 33 8 31 30 0 40 33 2 7 18 39 12 13 0 39 39 8 7 7 8 39 32 28 12 8 32 20 7 39 17 39 8 0 13 8 7 31 8 7 41 39 39 8 30 29 28 2 17 17 37 31 31 31 8 29 8 0 17 17 8 1 33 1 0 7 33 7 0 40 18 7 3 18 39 0 0 8 32 8 12 7 39 17 33 39 39 24 34 24 34 23 24 34 34 12 31 3 23 35 12 34 23 23 12 34 23 12 36 12 24 17 28 12 12 31 23 30 23 23 35 12 12 12 27 0 28 12 23 39 26 34 18 15 2 39 24 39 39 33 39 35 23 29 22 36 39 39 12 34 39 24 12 42 21 42 24 34 39 23 11 21 12 35 24 28 34 39 34 23 12 12 39 39 35 23 29 21 12 23 23 42 28 35 39 24"
78,5,-0.6843,0.9756,0.9711,-0.2758,0.1567,"31 12 39 12 7 39 12 2 7 28 33 22 7 7 10 24 33 23 8 7 11 25 12 31 11 31 37 33 27 6 23 31 31 23 21 15 31 33 7 12 9 39 2 39 32 10 38 12 25 32 32 12 12 24 24 12 33 12 10 12 7 8 7 33 23 8 31 23 32 8 23 2 31 25 31 0 39 31 39 32 24 31 33 33 12 4 2 2 7 24 37 39 39 32 39 9 39 31 32 32 22 17 18 39 12 17 23 12 12 2 18 2 12 22 17 12 17 17 17 17 12 17 35 17 18 39 18 2 39 12 22 22 18 17 18 18 17 2 17 21 23 29 30 21 10 17 18 12 18 24 31 32 2 17 39 17 21 18 18 39 17 39 30 17 17 39 17 17 17 39 39 17 16 17 17 17 21 4 18 28 18 29 18 39 12 18 18 21 18 17 17 2 12 12 18 2 17 39 17 12 35 36 39 11 14 34 10 34 34 11 18 17 9 0 36 10 34 3 9 12 34 34 6 0 36 35 13 36 34 36 29 2 36 10 12 17 12 34 1 36 34 20 34 12 16 12 12 39 18 18 35 34 39 2 5 18 3 36 17 39 18 9 2 36 2 18 34 36 39 12 9 39 11 18 40 17 17 35 39 12 17 35 12 17 12 18 39 18 34 9 36 28 29 35 18 11 18 39 39 12 8 8 7 38 12 33 29 12 39 31 39 7 27 7 8 33 8 31 30 0 40 33 2 7 18 39 12 13 0 39 39 8 7 7 8 39 32 28 12 8 32 20 7 39 17 39 8 0 13 8 7 31 8 7 41 39 39 8 30 29 28 2 17 17 37 31 31 31 8 29 8 0 17 17 8 1 33 1 0 7 33 7 0 40 18 7 3 18 39 0 0 8 32 8 12 7 39 17 33 39 39 24 34 24 34 23 24 34 34 12 31 3 23 35 12 34 23 23 12 34 23 12 36 12 24 17 28 12 12 31 23 30 23 23 35 12 12 12 27 0 28 12 23 39 26 34 18 15 2 39 24 39 39 33 39 35 23 29 22 36 39 39 12 34 39 24 12 42 21 42 24 34 39 23 11 21 12 35 24 28 34 39 34 23 12 12 39 39 35 23 29 21 12 23 23 42 28 35 39 24"
79,5,-0.6843,0.9756,0.9711,-0.2768,0.1323,"31 12 39 12 7 39 12 2 7 28 33 22 7 7 10 24 33 23 8 7 11 25 12 31 11 31 37 33 27 6 23 31 31 23 21 15 31 33 7 12 9 39 2 39 32 10 38 12 25 32 32 12 12 24 24 12 33 12 10 12 7 8 7 33 23 8 31 23 32 8 23 2 31 25 31 0 39 31 39 32 24 31 33 33 12 4 2 2 7 24 37 39 39 32 39 9 39 31 32 32 22 17 18 39 12 17 23 12 12 2 18 2 12 22 17 12 17 17 17 17 12 17 35 17 18 39 18 2 39 12 22 22 18 17 18 18 17 2 17 21 23 29 30 21 10 17 18 12 18 24 31 32 2 17 39 17 21 18 18 39 17 39 30 17 17 39 17 17 17 39 39 17 16 17 17 17 21 4 18 28 18 29 18 39 12 18 18 21 18 17 17 2 12 12 18 2 17 39 17 12 35 36 39 11 14 34 10 34 34 11 18 17 9 0 36 10 34 3 9 12 34 34 6 0 36 35 13 36 34 36 29 2 36 10 12 17 12 34 1 36 34 20 34 12 16 12 12 39 18 18 35 34 39 2 5 18 3 36 17 39 18 9 2 36 2 18 34 36 39 12 9 39 11 18 40 17 17 35 39 12 17 35 12 17 12 18 39 18 34 9 36 28 29 35 18 11 18 39 39 12 8 8 7 38 12 33 29 12 39 31 39 7 27 7 8 33 8 31 30 0 40 33 2 7 18 39 12 13 0 39 39 8 7 7 8 39 32 28 12 8 32 20 7 39 17 39 8 0 13 8 7 31 8 7 41 39 39 8 30 29 28 2 17 17 37 31 31 31 8 29 8 0 17 17 8 1 33 1 0 7 33 7 0 40 18 7 3 18 39 0 0 8 32 8 12 7 39 17 33 39 39 24 34 24 34 23 24 34 34 12 31 3 23 35 12 34 23 23 12 34 23 12 36 12 24 17 28 12 12 31 23 30 23 23 35 12 12 12 27 0 28 12 23 39 26 34 18 15 2 39 24 39 39 33 39 35 23 29 22 36 39 39 12 34 39 24 12 42 21 42 24 34 39 23 11 21 12 35 24 28 34 39 34 23 12 12 39 39 35 23 29 21 12 23 23 42 28 35 39 24"
80,5,-0.6843,0.9756,0.9711,-0.2756,0.1361,"31 12 39 12 7 39 12 2 7 28 33 22 7 7 10 24 33 23 8 7 11 25 12 31 11 31 37 33 27 6 23 31 31 23 21 15 31 33 7 12 9 39 2 39 32 10 38 12 25 32 32 12 12 24 24 12 33 12 10 12 7 8 7 33 23 8 31 23 32 8 23 2 31 25 31 0 39 31 39 32 24 31 33 33 12 4 2 2 7 24 37 39 39 32 39 9 39 31 32 32 22 17 18 39 12 17 23 12 12 2 18 2 12 22 17 12 17 17 17 17 12 17 35 17 18 39 18 2 39 12 22 22 18 17 18 18 17 2 17 21 23 29 30 21 10 17 18 12 18 24 31 32 2 17 39 17 21 18 18 39 17 39 30 17 17 39 17 17 17 39 39 17 16 17 17 17 21 4 18 28 18 29 18 39 12 18 18 21 18 17 17 2 12 12 18 2 17 39 17 12 35 36 39 11 14 34 10 34 34 11 18 17 9 0 36 10 34 3 9 12 34 34 6 0 36 35 13 36 34 36 29 2 36 10 12 17 12 34 1 36 34 20 34 12 16 12 12 39 18 18 35 34 39 2 5 18 3 36 17 39 18 9 2 36 2 18 34 36 39 12 9 39 11 18 40 17 17 35 39 12 17 35 12 17 12 18 39 18 34 9 36 28 29 35 18 11 18 39 39 12 8 8 7 38 12 33 29 12 39 31 39 7 27 7 8 33 8 31 30 0 40 33 2 7 18 39 12 13 0 39 39 8 7 7 8 39 32 28 12 8 32 20 7 39 17 39 8 0 13 8 7 31 8 7 41 39 39 8 30 29 28 2 17 17 37 31 31 31 8 29 8 0 17 17 8 1 33 1 0 7 33 7 0 40 18 7 3 18 39 0 0 8 32 8 12 7 39 17 33 39 39 24 34 24 34 23 24 34 34 12 31 3 23 35 12 34 23 23 12 34 23 12 36 12 24 17 28 12 12 31 23 30 23 23 35 12 12 12 27 0 28 12 23 39 26 34 18 15 2 39 24 39 39 33 39 35 23 29 22 36 39 39 12 34 39 24 12 42 21 42 24 34 39 23 11 21 12 35 24 28 34 39 34 23 12 12 39 39 35 23 29 21 12 23 23 42 28 35 39 24"
81,5,-0.6843,0.9756,0.9711,-0.2752,0.1220,"31 12 39 12 7 39 12 2 7 28 33 22 7 7 10 24 33 23 8 7 11 25 12 31 11 31 37 33 27 6 23 31 31 23 21 15 31 33 7 12 9 39 2 39 32 10 38 12 25 32 32 12 12 24 24 12 33 12 10 12 7 8 7 33 23 8 31 23 32 8 23 2 31 25 31 0 39 31 39 32 24 31 33 33 12 4 2 2 7 24 37 39 39 32 39 9 39 31 32 32 22 17 18 39 12 17 23 12 12 2 18 2 12 22 17 12 17 17 17 17 12 17 35 17 18 39 18 2 39 12 22 22 18 17 18 18 17 2 17 21 23 29 30 21 10 17 18 12 18 24 31 32 2 17 39 17 21 18 18 39 17 39 30 17 17 39 17 17 17 39 39 17 16 17 17 17 21 4 18 28 18 29 18 39 12 18 18 21 18 17 17 2 12 12 18 2 17 39 17 12 35 36 39 11 14 34 10 34 34 11 18 17 9 0 36 10 34 3 9 12 34 34 6 0 36 35 13 36 34 36 29 2 36 10 12 17 12 34 1 36 34 20 34 12 16 12 12 39 18 18 35 34 39 2 5 18 3 36 17 39 18 9 2 36 2 18 34 36 39 12 9 39 11 18 40 17 17 35 39 12 17 35 12 17 12 18 39 18 34 9 36 28 29 35 18 11 18 39 39 12 8 8 7 38 12 33 29 12 39 31 39 7 27 7 8 33 8 31 30 0 40 33 2 7 18 39 12 13 0 39 39 8 7 7 8 39 32 28 12 8 32 20 7 39 17 39 8 0 13 8 7 31 8 7 41 39 39 8 30 29 28 2 17 17 37 31 31 31 8 29 8 0 17 17 8 1 33 1 0 7 33 7 0 40 18 7 3 18 39 0 0 8 32 8 12 7 39 17 33 39 39 24 34 24 34 23 24 34 34 12 31 3 23 35 12 34 23 23 12 34 23 12 36 12 24 17 28 12 12 31 23 30 23 23 35 12 12 12 27 0 28 12 23 39 26 34 18 15 2 39 24 39 39 33 39 35 23 29 22 36 39 39 12 34 39 24 12 42 21 42 24 34 39 23 11 21 12 35 24 28 34 39 34 23 12 12 39 39 35 23 29 21 12 23 23 42 28 35 39 24"
82,5,-0.6843,0.9756,0.9711,-0.2753,0.1298,"31 12 39 12 7 39 12 2 7 28 33 22 7 7 10 24 33 23 8 7 11 25 12 31 11 31 37 33 27 6 23 31 31 23 21 15 31 33 7 12 9 39 2 39 32 10 38 12 25 32 32 12 12 24 24 12 33 12 10 12 7 8 7 33 23 8 31 23 32 8 23 2 31 25 31 0 39 31 39 32 24 31 33 33 12 4 2 2 7 24 37 39 39 32 39 9 39 31 32 32 22 17 18 39 12 17 23 12 12 2 18 2 12 22 17 12 17 17 17 17 12 17 35 17 18 39 18 2 39 12 22 22 18 17 18 18 17 2 17 21 23 29 30 21 10 17 18 12 18 24 31 32 2 17 39 17 21 18 18 39 17 39 30 17 17 39 17 17 17 39 39 17 16 17 17 17 21 4 18 28 18 29 18 39 12 18 18 21 18 17 17 2 12 12 18 2 17 39 17 12 35 36 39 11 14 34 10 34 34 11 18 17 9 0 36 10 34 3 9 12 34 34 6 0 36 35 13 36 34 36 29 2 36 10 12 17 12 34 1 36 34 20 34 12 16 12 12 39 18 18 35 34 39 2 5 18 3 36 17 39 18 9 2 36 2 18 34 36 39 12 9 39 11 18 40 17 17 35 39 12 17 35 12 17 12 18 39 18 34 9 36 28 29 35 18 11 18 39 39 12 8 8 7 38 12 33 29 12 39 31 39 7 27 7 8 33 8 31 30 0 40 33 2 7 18 39 12 13 0 39 39 8 7 7 8 39 32 28 12 8 32 20 7 39 17 39 8 0 13 8 7 31 8 7 41 39 39 8 30 29 28 2 17 17 37 31 31 31 8 29 8 0 17 17 8 1 33 1 0 7 33 7 0 40 18 7 3 18 39 0 0 8 32 8 12 7 39 17 33 39 39 24 34 24 34 23 24 34 34 12 31 3 23 35 12 34 23 23 12 34 23 12 36 12 24 17 28 12 12 31 23 30 23 23 35 12 12 12 27 0 28 12 23 39 26 34 18 15 2 39 24 39 39 33 39 35 23 29 22 36 39 39 12 34 39 24 12 42 21 42 24 34 39 23 11 21 12 35 24 28 34 39 34 23 12 12 39 39 35 23 29 21 12 23 23 42 28 35 39 24"
83,6,-0.6845,0.9787,0.9806,-0.2759,0.1456,"33 32 39 12 33 4 31 2 7 28 28 22 7 7 32 24 31 31 8 7 2 33 12 31 11 31 37 33 2 6 23 32 2 33 31 32 31 2 31 39 39 12 39 2 12 10 38 12 32 12 30 12 12 33 2 12 32 31 29 12 39 2 2 33 23 29 31 23 12 29 23 2 31 25 31 0 33 2 39 39 24 31 33 33 12 31 2 39 32 24 42 39 30 32 39 33 31 2 32 12 25 25 18 39 12 39 23 25 25 12 27 2 39 25 12 12 17 27 26 17 12 2 35 25 26 25 27 2 39 39 22 25 18 25 18 18 26 39 0 25 26 29 27 25 10 17 18 25 2 2 25 32 12 2 27 17 26 12 2 39 25 26 27 26 39 39 17 26 26 39 25 17 39 17 12 17 2 25 25 28 2 26 26 27 12 12 12 21 26 25 17 25 12 12 39 25 17 5 39 12 35 36 39 11 39 34 12 36 12 11 36 17 12 0 36 35 34 36 9 35 34 34 39 34 36 35 13 36 34 36 12 2 36 34 12 17 12 34 1 36 34 20 12 34 16 12 12 12 35 35 34 34 39 39 5 18 3 39 17 39 34 9 34 36 36 18 34 36 12 12 39 39 35 18 40 17 39 35 36 12 17 35 34 17 12 12 39 18 34 9 12 34 29 36 36 35 35 35 39 12 8 8 7 38 12 33 29 12 39 31 39 7 27 7 8 33 8 31 30 0 40 33 2 7 18 39 12 13 0 39 39 8 7 7 8 39 32 28 12 8 32 20 7 39 17 39 8 0 13 37 7 31 8 7 41 39 39 8 30 29 28 2 17 17 37 31 31 31 8 29 0 0 17 17 8 1 40 1 0 7 33 7 0 40 18 7 3 18 39 0 0 8 32 8 12 7 39 17 33 39 39 24 34 24 0 30 24 34 34 12 31 3 34 35 12 34 23 0 12 35 23 12 36 12 35 17 28 13 12 34 23 30 23 40 35 12 39 12 27 0 28 12 34 39 26 36 18 36 2 39 36 39 39 33 39 35 23 29 22 36 39 12 12 12 39 24 0 42 34 36 39 34 34 23 11 21 12 38 36 28 34 39 34 23 12 35 39 39 0 12 29 12 12 0 36 42 28 35 12 32"
84,7,-0.6853,0.9787,0.9781,-0.2802,0.0876,"33 32 39 12 33 4 31 2 7 28 28 22 7 7 32 24 31 31 8 7 2 33 12 31 11 31 37 33 2 6 23 32 2 33 31 32 31 2 31 39 39 12 39 2 12 10 38 12 32 12 30 12 12 33 2 12 32 31 29 12 39 2 2 33 23 29 31 23 12 29 23 2 31 25 31 0 33 2 39 39 24 31 33 33 12 31 2 39 32 24 42 39 30 32 39 33 31 2 32 12 25 25 18 39 12 39 23 25 25 12 27 2 39 25 12 12 17 27 26 17 12 2 35 25 26 25 27 2 39 39 22 25 18 25 18 18 26 39 0 25 26 29 27 25 10 17 18 25 2 2 25 32 12 2 27 17 26 12 2 39 25 26 27 26 39 39 17 26 26 39 25 17 39 17 12 17 2 25 25 28 2 26 26 27 12 12 12 21 26 25 17 25 12 12 39 25 17 5 39 12 35 36 39 11 39 34 12 36 12 11 36 17 12 0 36 35 34 36 9 35 34 34 39 34 36 35 13 36 34 36 12 2 36 34 12 17 12 34 1 36 34 20 12 34 16 12 12 12 35 35 34 34 39 39 5 18 3 39 17 39 34 9 34 36 36 18 34 36 12 12 39 39 35 18 40 17 39 35 36 12 17 35 34 17 12 12 39 18 34 9 12 34 29 36 36 35 35 35 39 12 8 8 7 38 12 33 29 12 39 31 39 7 27 7 8 33 8 31 30 0 40 33 2 7 18 39 12 13 0 39 39 8 7 7 8 39 32 28 12 8 32 20 7 39 17 39 8 0 13 37 7 31 8 7 41 39 39 8 30 29 28 2 17 17 3 31 31 31 8 29 0 0 17 17 8 1 40 1 0 7 33 7 0 40 18 7 3 18 39 0 0 8 32 8 12 7 39 17 33 39 39 24 34 24 0 30 24 34 34 12 31 3 34 35 12 34 23 0 12 35 23 12 36 12 35 17 28 13 12 34 23 30 23 40 35 12 39 12 27 0 28 12 34 39 26 36 18 36 2 39 36 39 39 33 39 35 23 29 22 36 39 12 12 12 39 24 0 42 34 36 39 34 34 23 11 21 12 35 36 28 34 39 34 23 12 35 39 39 0 12 29 12 12 0 36 42 28 1 12 32"
85,7,-0.6853,0.9787,0.9781,-0.2768,0.1221,"33 32 39 12 33 4 31 2 7 28 28 22 7 7 32 24 31 31 8 7 2 33 12 31 11 31 37 33 2 6 23 32 2 33 31 32 31 2 31 39 39 12 39 2 12 10 38 12 32 12 30 12 12 33 2 12 32 31 29 12 39 2 2 33 23 29 31 23 12 29 23 2 31 25 31 0 33 2 39 39 24 31 33 33 12 31 2 39 32 24 42 39 30 32 39 33 31 2 32 12 25 25 18 39 12 39 23 25 25 12 27 2 39 25 12 12 17 27 26 17 12 2 35 25 26 25 27 2 39 39 22 25 18 25 18 18 26 39 0 25 26 29 27 25 10 17 18 25 2 2 25 32 12 2 27 17 26 12 2 39 25 26 27 26 39 39 17 26 26 39 25 17 39 17 12 17 2 25 25 28 2 26 26 27 12 12 12 21 26 25 17 25 12 12 39 25 17 5 39 12 35 36 39 11 39 34 12 36 12 11 36 17 12 0 36 35 34 36 9 35 34 34 39 34 36 35 13 36 34 36 12 2 36 34 12 17 12 34 1 36 34 20 12 34 16 12 12 12 35 35 34 34 39 39 5 18 3 39 17 39 34 9 34 36 36 18 34 36 12 12 39 39 35 18 40 17 39 35 36 12 17 35 34 17 12 12 39 18 34 9 12 34 29 36 36 35 35 35 39 12 8 8 7 38 12 33 29 12 39 31 39 7 27 7 8 33 8 31 30 0 40 33 2 7 18 39 12 13 0 39 39 8 7 7 8 39 32 28 12 8 32 20 7 39 17 39 8 0 13 37 7 31 8 7 41 39 39 8 30 29 28 2 17 17 3 31 31 31 8 29 0 0 17 17 8 1 40 1 0 7 33 7 0 40 18 7 3 18 39 0 0 8 32 8 12 7 39 17 33 39 39 24 34 24 0 30 24 34 34 12 31 3 34 35 12 34 23 0 12 35 23 12 36 12 35 17 28 13 12 34 23 30 23 40 35 12 39 12 27 0 28 12 34 39 26 36 18 36 2 39 36 39 39 33 39 35 23 29 22 36 39 12 12 12 39 24 0 42 34 36 39 34 34 23 11 21 12 35 36 28 34 39 34 23 12 35 39 39 0 12 29 12 12 0 36 42 28 1 12 32"
86,7,-0.6853,0.9787,0.9781,-0.2820,0.1452,"33 32 39 12 33 4 31 2 7 28 28 22 7 7 32 24 31 31 8 7 2 33 12 31 11 31 37 33 2 6 23 32 2 33 31 32 31 2 31 39 39 12 39 2 12 10 38 12 32 12 30 12 12 33 2 12 32 31 29 12 39 2 2 33 23 29 31 23 12 29 23 2 31 25 31 0 33 2 39 39 24 31 33 33 12 31 2 39 32 24 42 39 30 32 39 33 31 2 32 12 25 25 18 39 12 39 23 25 25 12 27 2 39 25 12 12 17 27 26 17 12 2 35 25 26 25 27 2 39 39 22 25 18 25 18 18 26 39 0 25 26 29 27 25 10 17 18 25 2 2 25 32 12 2 27 17 26 12 2 39 25 26 27 26 39 39 17 26 26 39 25 17 39 17 12 17 2 25 25 28 2 26 26 27 12 12 12 21 26 25 17 25 12 12 39 25 17 5 39 12 35 36 39 11 39 34 12 36 12 11 36 17 12 0 36 35 34 36 9 35 34 34 39 34 36 35 13 36 34 36 12 2 36 34 12 17 12 34 1 36 34 20 12 34 16 12 12 12 35 35 34 34 39 39 5 18 3 39 17 39 34 9 34 36 36 18 34 36 12 12 39 39 35 18 40 17 39 35 36 12 17 35 34 17 12 12 39 18 34 9 12 34 29 36 36 35 35 35 39 12 8 8 7 38 12 33 29 12 39 31 39 7 27 7 8 33 8 31 30 0 40 33 2 7 18 39 12 13 0 39 39 8 7 7 8 39 32 28 12 8 32 20 7 39 17 39 8 0 13 37 7 31 8 7 41 39 39 8 30 29 28 2 17 17 3 31 31 31 8 29 0 0 17 17 8 1 40 1 0 7 33 7 0 40 18 7 3 18 39 0 0 8 32 8 12 7 39 17 33 39 39 24 34 24 0 30 24 34 34 12 31 3 34 35 12 34 23 0 12 35 23 12 36 12 35 17 28 13 12 34 23 30 23 40 35 12 39 12 27 0 28 12 34 39 26 36 18 36 2 39 36 39 39 33 39 35 23 29 22 36 39 12 12 12 39 24 0 42 34 36 39 34 34 23 11 21 12 35 36 28 34 39 34 23 12 35 39 39 0 12 29 12 12 0 36 42 28 1 12 32"
87,7,-0.6853,0.9787,0.9781,-0.2802,0.1560,"33 32 39 12 33 4 31 2 7 28 28 22 7 7 32 24 31 31 8 7 2 33 12 31 11 31 37 33 2 6 23 32 2 33 31 32 31 2 31 39 39 12 39 2 12 10 38 12 32 12 30 12 12 33 2 12 32 31 29 12 39 2 2 33 23 29 31 23 12 29 23 2 31 25 31 0 33 2 39 39 24 31 33 33 12 31 2 39 32 24 42 39 30 32 39 33 31 2 32 12 25 25 18 39 12 39 23 25 25 12 27 2 39 25 12 12 17 27 26 17 12 2 35 25 26 25 27 2 39 39 22 25 18 25 18 18 26 39 0 25 26 29 27 25 10 17 18 25 2 2 25 32 12 2 27 17 26 12 2 39 25 26 27 26 39 39 17 26 26 39 25 17 39 17 12 17 2 25 25 28 2 26 26 27 12 12 12 21 26 25 17 25 12 12 39 25 17 5 39 12 35 36 39 11 39 34 12 36 12 11 36 17 12 0 36 35 34 36 9 35 34 34 39 34 36 35 13 36 34 36 12 2 36 34 12 17 12 34 1 36 34 20 12 34 16 12 12 12 35 35 34 34 39 39 5 18 3 39 17 39 34 9 34 36 36 18 34 36 12 12 39 39 35 18 40 17 39 35 36 12 17 35 34 17 12 12 39 18 34 9 12 34 29 36 36 35 35 35 39 12 8 8 7 38 12 33 29 12 39 31 39 7 27 7 8 33 8 31 30 0 40 33 2 7 18 39 12 13 0 39 39 8 7 7 8 39 32 28 12 8 32 20 7 39 17 39 8 0 13 37 7 31 8 7 41 39 39 8 30 29 28 2 17 17 3 31 31 31 8 29 0 0 17 17 8 1 40 1 0 7 33 7 0 40 18 7 3 18 39 0 0 8 32 8 12 7 39 17 33 39 39 24 34 24 0 30 24 34 34 12 31 3 34 35 12 34 23 0 12 35 23 12 36 12 35 17 28 13 12 34 23 30 23 40 35 12 39 12 27 0 28 12 34 39 26 36 18 36 2 39 36 39 39 33 39 35 23 29 22 36 39 12 12 12 39 24 0 42 34 36 39 34 34 23 11 21 12 35 36 28 34 39 34 23 12 35 39 39 0 12 29 12 12 0 36 42 28 1 12 32"
88,7,-0.6853,0.9787,0.9781,-0.2791,0.1188,"33 32 39 12 33 4 31 2 7 28 28 22 7 7 32 24 31 31 8 7 2 33 12 31 11 31 37 33 2 6 23 32 2 33 31 32 31 2 31 39 39 12 39 2 12 10 38 12 32 12 30 12 12 33 2 12 32 31 29 12 39 2 2 33 23 29 31 23 12 29 23 2 31 25 31 0 33 2 39 39 24 31 33 33 12 31 2 39 32 24 42 39 30 32 39 33 31 2 32 12 25 25 18 39 12 39 23 25 25 12 27 2 39 25 12 12 17 27 26 17 12 2 35 25 26 25 27 2 39 39 22 25 18 25 18 18 26 39 0 25 26 29 27 25 10 17 18 25 2 2 25 32 12 2 27 17 26 12 2 39 25 26 27 26 39 39 17 26 26 39 25 17 39 17 12 17 2 25 25 28 2 26 26 27 12 12 12 21 26 25 17 25 12 12 39 25 17 5 39 12 35 36 39 11 39 34 12 36 12 11 36 17 12 0 36 35 34 36 9 35 34 34 39 34 36 35 13 36 34 36 12 2 36 34 12 17 12 34 1 36 34 20 12 34 16 12 12 12 35 35 34 34 39 39 5 18 3 39 17 39 34 9 34 36 36 18 34 36 12 12 39 39 35 18 40 17 39 35 36 12 17 35 34 17 12 12 39 18 34 9 12 34 29 36 36 35 35 35 39 12 8 8 7 38 12 33 29 12 39 31 39 7 27 7 8 33 8 31 30 0 40 33 2 7 18 39 12 13 0 39 39 8 7 7 8 39 32 28 12 8 32 20 7 39 17 39 8 0 13 37 7 31 8 7 41 39 39 8 30 29 28 2 17 17 3 31 31 31 8 29 0 0 17 17 8 1 40 1 0 7 33 7 0 40 18 7 3 18 39 0 0 8 32 8 12 7 39 17 33 39 39 24 34 24 0 30 24 34 34 12 31 3 34 35 12 34 23 0 12 35 23 12 36 12 35 17 28 13 12 34 23 30 23 40 35 12 39 12 27 0 28 12 34 39 26 36 18 36 2 39 36 39 39 33 39 35 23 29 22 36 39 12 12 12 39 24 0 42 34 36 39 34 34 23 11 21 12 35 36 28 34 39 34 23 12 35 39 39 0 12 29 12 12 0 36 42 28 1 12 32"
89,7,-0.6853,0.9787,0.9781,-0.2787,0.0876,"33 32 39 12 33 4 31 2 7 28 28 22 7 7 32 24 31 31 8 7 2 33 12 31 11 31 37 33 2 6 23 32 2 33 31 32 31 2 31 39 39 12 39 2 12 10 38 12 32 12 30 12 12 33 2 12 32 31 29 12 39 2 2 33 23 29 31 23 12 29 23 2 31 25 31 0 33 2 39 39 24 31 33 33 12 31 2 39 32 24 42 39 30 32 39 33 31 2 32 12 25 25 18 39 12 39 23 25 25 12 27 2 39 25 12 12 17 27 26 17 12 2 35 25 26 25 27 2 39 39 22 25 18 25 18 18 26 39 0 25 26 29 27 25 10 17 18 25 2 2 25 32 12 2 27 17 26 12 2 39 25 26 27 26 39 39 17 26 26 39 25 17 39 17 12 17 2 25 25 28 2 26 26 27 12 12 12 21 26 25 17 25 12 12 39 25 17 5 39 12 35 36 39 11 39 34 12 36 12 11 36 17 12 0 36 35 34 36 9 35 34 34 39 34 36 35 13 36 34 36 12 2 36 34 12 17 12 34 1 36 34 20 12 34 16 12 12 12 35 35 34 34 39 39 5 18 3 39 17 39 34 9 34 36 36 18 34 36 12 12 39 39 35 18 40 17 39 35 36 12 17 35 34 17 12 12 39 18 34 9 12 34 29 36 36 35 35 35 39 12 8 8 7 38 12 33 29 12 39 31 39 7 27 7 8 33 8 31 30 0 40 33 2 7 18 39 12 13 0 39 39 8 7 7 8 39 32 28 12 8 32 20 7 39 17 39 8 0 13 37 7 31 8 7 41 39 39 8 30 29 28 2 17 17 3 31 31 31 8 29 0 0 17 17 8 1 40 1 0 7 33 7 0 40 18 7 3 18 39 0 0 8 32 8 12 7 39 17 33 39 39 24 34 24 0 30 24 34 34 12 31 3 34 35 12 34 23 0 12 35 23 12 36 12 35 17 28 13 12 34 23 30 23 40 35 12 39 12 27 0 28 12 34 39 26 36 18 36 2 39 36 39 39 33 39 35 23 29 22 36 39 12 12 12 39 24 0 42 34 36 39 34 34 23 11 21 12 35 36 28 34 39 34 23 12 35 39 39 0 12 29 12 12 0 36 42 28 1 12 32"
90,7,-0.6853,0.9787,0.9781,-0.2754,0.0983,"33 32 39 12 33 4 31 2 7 28 28 22 7 7 32 24 31 31 8 7 2 33 12 31 11 31 37 33 2 6 23 32 2 33 31 32 31 2 31 39 39 12 39 2 12 10 38 12 32 12 30 12 12 33 2 12 32 31 29 12 39 2 2 33 23 29 31 23 12 29 23 2 31 25 31 0 33 2 39 39 24 31 33 33 12 31 2 39 32 24 42 39 30 32 39 33 31 2 32 12 25 25 18 39 12 39 23 25 25 12 27 2 39 25 12 12 17 27 26 17 12 2 35 25 26 25 27 2 39 39 22 25 18 25 18 18 26 39 0 25 26 29 27 25 10 17 18 25 2 2 25 32 12 2 27 17 26 12 2 39 25 26 27 26 39 39 17 26 26 39 25 17 39 17 12 17 2 25 25 28 2 26 26 27 12 12 12 21 26 25 17 25 12 12 39 25 17 5 39 12 35 36 39 11 39 34 12 36 12 11 36 17 12 0 36 35 34 36 9 35 34 34 39 34 36 35 13 36 34 36 12 2 36 34 12 17 12 34 1 36 34 20 12 34 16 12 12 12 35 35 34 34 39 39 5 18 3 39 17 39 34 9 34 36 36 18 34 36 12 12 39 39 35 18 40 17 39 35 36 12 17 35 34 17 12 12 39 18 34 9 12 34 29 36 36 35 35 35 39 12 8 8 7 38 12 33 29 12 39 31 39 7 27 7 8 33 8 31 30 0 40 33 2 7 18 39 12 13 0 39 39 8 7 7 8 39 32 28 12 8 32 20 7 39 17 39 8 0 13 37 7 31 8 7 41 39 39 8 30 29 28 2 17 17 3 31 31 31 8 29 0 0 17 17 8 1 40 1 0 7 33 7 0 40 18 7 3 18 39 0 0 8 32 8 12 7 39 17 33 39 39 24 34 24 0 30 24 34 34 12 31 3 34 35 12 34 23 0 12 35 23 12 36 12 35 17 28 13 12 34 23 30 23 40 35 12 39 12 27 0 28 12 34 39 26 36 18 36 2 39 36 39 39 33 39 35 23 29 22 36 39 12 12 12 39 24 0 42 34 36 39 34 34 23 11 21 12 35 36 28 34 39 34 23 12 35 39 39 0 12 29 12 12 0 36 42 28 1 12 32"
91,7,-0.6853,0.9787,0.9781,-0.2748,0.1092,"33 32 39 12 33 4 31 2 7 28 28 22 7 7 32 24 31 31 8 7 2 33 12 31 11 31 37 33 2 6 23 32 2 33 31 32 31 2 31 39 39 12 39 2 12 10 38 12 32 12 30 12 12 33 2 12 32 31 29 12 39 2 2 33 23 29 31 23 12 29 23 2 31 25 31 0 33 2 39 39 24 31 33 33 12 31 2 39 32 24 42 39 30 32 39 33 31 2 32 12 25 25 18 39 12 39 23 25 25 12 27 2 39 25 12 12 17 27 26 17 12 2 35 25 26 25 27 2 39 39 22 25 18 25 18 18 26 39 0 25 26 29 27 25 10 17 18 25 2 2 25 32 12 2 27 17 26 12 2 39 25 26 27 26 39 39 17 26 26 39 25 17 39 17 12 17 2 25 25 28 2 26 26 27 12 12 12 21 26 25 17 25 12 12 39 25 17 5 39 12 35 36 39 11 39 34 12 36 12 11 36 17 12 0 36 35 34 36 9 35 34 34 39 34 36 35 13 36 34 36 12 2 36 34 12 17 12 34 1 36 34 20 12 34 16 12 12 12 35 35 34 34 39 39 5 18 3 39 17 39 34 9 34 36 36 18 34 36 12 12 39 39 35 18 40 17 39 35 36 12 17 35 34 17 12 12 39 18 34 9 12 34 29 36 36 35 35 35 39 12 8 8 7 38 12 33 29 12 39 31 39 7 27 7 8 33 8 31 30 0 40 33 2 7 18 39 12 13 0 39 39 8 7 7 8 39 32 28 12 8 32 20 7 39 17 39 8 0 13 37 7 31 8 7 41 39 39 8 30 29 28 2 17 17 3 31 31 31 8 29 0 0 17 17 8 1 40 1 0 7 33 7 0 40 18 7 3 18 39 0 0 8 32 8 12 7 39 17 33 39 39 24 34 24 0 30 24 34 34 12 31 3 34 35 12 34 23 0 12 35 23 12 36 12 35 17 28 13 12 34 23 30 23 40 35 12 39 12 27 0 28 12 34 39 26 36 18 36 2 39 36 39 39 33 39 35 23 29 22 36 39 12 12 12 39 24 0 42 34 36 39 34 34 23 11 21 12 35 36 28 34 39 34 23 12 35 39 39 0 12 29 12 12 0 36 42 28 1 12 32"
92,7,-0.6853,0.9787,0.9781,-0.2765,0.1606,"33 32 39 12 33 4 31 2 7 28 28 22 7 7 32 24 31 31 8 7 2 33 12 31 11 31 37 33 2 6 23 32 2 33 31 32 31 2 31 39 39 12 39 2 12 10 38 12 32 12 30 12 12 33 2 12 32 31 29 12 39 2 2 33 23 29 31 23 12 29 23 2 31 25 31 0 33 2 39 39 24 31 33 33 12 31 2 39 32 24 42 39 30 32 39 33 31 2 32 12 25 25 18 39 12 39 23 25 25 12 27 2 39 25 12 12 17 27 26 17 12 2 35 25 26 25 27 2 39 39 22 25 18 25 18 18 26 39 0 25 26 29 27 25 10 17 18 25 2 2 25 32 12 2 27 17 26 12 2 39 25 26 27 26 39 39 17 26 26 39 25 17 39 17 12 17 2 25 25 28 2 26 26 27 12 12 12 21 26 25 17 25 12 12 39 25 17 5 39 12 35 36 39 11 39 34 12 36 12 11 36 17 12 0 36 35 34 36 9 35 34 34 39 34 36 35 13 36 34 36 12 2 36 34 12 17 12 34 1 36 34 20 12 34 16 12 12 12 35 35 34 34 39 39 5 18 3 39 17 39 34 9 34 36 36 18 34 36 12 12 39 39 35 18 40 17 39 35 36 12 17 35 34 17 12 12 39 18 34 9 12 34 29 36 36 35 35 35 39 12 8 8 7 38 12 33 29 12 39 31 39 7 27 7 8 33 8 31 30 0 40 33 2 7 18 39 12 13 0 39 39 8 7 7 8 39 32 28 12 8 32 20 7 39 17 39 8 0 13 37 7 31 8 7 41 39 39 8 30 29 28 2 17 17 3 31 31 31 8 29 0 0 17 17 8 1 40 1 0 7 33 7 0 40 18 7 3 18 39 0 0 8 32 8 12 7 39 17 33 39 39 24 34 24 0 30 24 34 34 12 31 3 34 35 12 34 23 0 12 35 23 12 36 12 35 17 28 13 12 34 23 30 23 40 35 12 39 12 27 0 28 12 34 39 26 36 18 36 2 39 36 39 39 33 39 35 23 29 22 36 39 12 12 12 39 24 0 42 34 36 39 34 34 23 11 21 12 35 36 28 34 39 34 23 12 35 39 39 0 12 29 12 12 0 36 42 28 1 12 32"
93,7,-0.6853,0.9787,0.9781,-0.2668,0.1679,"33 32 39 12 33 4 31 2 7 28 28 22 7 7 32 24 31 31 8 7 2 33 12 31 11 31 37 33 2 6 23 32 2 33 31 32 31 2 31 39 39 12 39 2 12 10 38 12 32 12 30 12 12 33 2 12 32 31 29 12 39 2 2 33 23 29 31 23 12 29 23 2 31 25 31 0 33 2 39 39 24 31 33 33 12 31 2 39 32 24 42 39 30 32 39 33 31 2 32 12 25 25 18 39 12 39 23 25 25 12 27 2 39 25 12 12 17 27 26 17 12 2 35 25 26 25 27 2 39 39 22 25 18 25 18 18 26 39 0 25 26 29 27 25 10 17 18 25 2 2 25 32 12 2 27 17 26 12 2 39 25 26 27 26 39 39 17 26 26 39 25 17 39 17 12 17 2 25 25 28 2 26 26 27 12 12 12 21 26 25 17 25 12 12 39 25 17 5 39 12 35 36 39 11 39 34 12 36 12 11 36 17 12 0 36 35 34 36 9 35 34 34 39 34 36 35 13 36 34 36 12 2 36 34 12 17 12 34 1 36 34 20 12 34 16 12 12 12 35 35 34 34 39 39 5 18 3 39 17 39 34 9 34 36 36 18 34 36 12 12 39 39 35 18 40 17 39 35 36 12 17 35 34 17 12 12 39 18 34 9 12 34 29 36 36 35 35 35 39 12 8 8 7 38 12 33 29 12 39 31 39 7 27 7 8 33 8 31 30 0 40 33 2 7 18 39 12 13 0 39 39 8 7 7 8 39 32 28 12 8 32 20 7 39 17 39 8 0 13 37 7 31 8 7 41 39 39 8 30 29 28 2 17 17 3 31 31 31 8 29 0 0 17 17 8 1 40 1 0 7 33 7 0 40 18 7 3 18 39 0 0 8 32 8 12 7 39 17 33 39 39 24 34 24 0 30 24 34 34 12 31 3 34 35 12 34 23 0 12 35 23 12 36 12 35 17 28 13 12 34 23 30 23 40 35 12 39 12 27 0 28 12 34 39 26 36 18 36 2 39 36 39 39 33 39 35 23 29 22 36 39 12 12 12 39 24 0 42 34 36 39 34 34 23 11 21 12 35 36 28 34 39 34 23 12 35 39 39 0 12 29 12 12 0 36 42 28 1 12 32"
94,7,-0.6853,0.9787,0.9781,-0.2649,0.0834,"33 32 39 12 33 4 31 2 7 28 28 22 7 7 32 24 31 31 8 7 2 33 12 31 11 31 37 33 2 6 23 32 2 33 31 32 31 2 31 39 39 12 39 2 12 10 38 12 32 12 30 12 12 33 2 12 32 31 29 12 39 2 2 33 23 29 31 23 12 29 23 2 31 25 31 0 33 2 39 39 24 31 33 33 12 31 2 39 32 24 42 39 30 32 39 33 31 2 32 12 25 25 18 39 12 39 23 25 25 12 27 2 39 25 12 12 17 27 26 17 12 2 35 25 26 25 27 2 39 39 22 25 18 25 18 18 26 39 0 25 26 29 27 25 10 17 18 25 2 2 25 32 12 2 27 17 26 12 2 39 25 26 27 26 39 39 17 26 26 39 25 17 39 17 12 17 2 25 25 28 2 26 26 27 12 12 12 21 26 25 17 25 12 12 39 25 17 5 39 12 35 36 39 11 39 34 12 36 12 11 36 17 12 0 36 35 34 36 9 35 34 34 39 34 36 35 13 36 34 36 12 2 36 34 12 17 12 34 1 36 34 20 12 34 16 12 12 12 35 35 34 34 39 39 5 18 3 39 17 39 34 9 34 36 36 18 34 36 12 12 39 39 35 18 40 17 39 35 36 12 17 35 34 17 12 12 39 18 34 9 12 34 29 36 36 35 35 35 39 12 8 8 7 38 12 33 29 12 39 31 39 7 27 7 8 33 8 31 30 0 40 33 2 7 18 39 12 13 0 39 39 8 7 7 8 39 32 28 12 8 32 20 7 39 17 39 8 0 13 37 7 31 8 7 41 39 39 8 30 29 28 2 17 17 3 31 31 31 8 29 0 0 17 17 8 1 40 1 0 7 33 7 0 40 18 7 3 18 39 0 0 8 32 8 12 7 39 17 33 39 39 24 34 24 0 30 24 34 34 12 31 3 34 35 12 34 23 0 12 35 23 12 36 12 35 17 28 13 12 34 23 30 23 40 35 12 39 12 27 0 28 12 34 39 26 36 18 36 2 39 36 39 39 33 39 35 23 29 22 36 39 12 12 12 39 24 0 42 34 36 39 34 34 23 11 21 12 35 36 28 34 39 34 23 12 35 39 39 0 12 29 12 12 0 36 42 28 1 12 32"
95,7,-0.6853,0.9787,0.9781,-0.2644,0.1279,"33 32 39 12 33 4 31 2 7 28 28 22 7 7 32 24 31 31 8 7 2 33 12 31 11 31 37 33 2 6 23 32 2 33 31 32 31 2 31 39 39 12 39 2 12 10 38 12 32 12 30 12 12 33 2 12 32 31 29 12 39 2 2 33 23 29 31 23 12 29 23 2 31 25 31 0 33 2 39 39 24 31 33 33 12 31 2 39 32 24 42 39 30 32 39 33 31 2 32 12 25 25 18 39 12 39 23 25 25 12 27 2 39 25 12 12 17 27 26 17 12 2 35 25 26 25 27 2 39 39 22 25 18 25 18 18 26 39 0 25 26 29 27 25 10 17 18 25 2 2 25 32 12 2 27 17 26 12 2 39 25 26 27 26 39 39 17 26 26 39 25 17 39 17 12 17 2 25 25 28 2 26 26 27 12 12 12 21 26 25 17 25 12 12 39 25 17 5 39 12 35 36 39 11 39 34 12 36 12 11 36 17 12 0 36 35 34 36 9 35 34 34 39 34 36 35 13 36 34 36 12 2 36 34 12 17 12 34 1 36 34 20 12 34 16 12 12 12 35 35 34 34 39 39 5 18 3 39 17 39 34 9 34 36 36 18 34 36 12 12 39 39 35 18 40 17 39 35 36 12 17 35 34 17 12 12 39 18 34 9 12 34 29 36 36 35 35 35 39 12 8 8 7 38 12 33 29 12 39 31 39 7 27 7 8 33 8 31 30 0 40 33 2 7 18 39 12 13 0 39 39 8 7 7 8 39 32 28 12 8 32 20 7 39 17 39 8 0 13 37 7 31 8 7 41 39 39 8 30 29 28 2 17 17 3 31 31 31 8 29 0 0 17 17 8 1 40 1 0 7 33 7 0 40 18 7 3 18 39 0 0 8 32 8 12 7 39 17 33 39 39 24 34 24 0 30 24 34 34 12 31 3 34 35 12 34 23 0 12 35 23 12 36 12 35 17 28 13 12 34 23 30 23 40 35 12 39 12 27 0 28 12 34 39 26 36 18 36 2 39 36 39 39 33 39 35 23 29 22 36 39 12 12 12 39 24 0 42 34 36 39 34 34 23 11 21 12 35 36 28 34 39 34 23 12 35 39 39 0 12 29 12 12 0 36 42 28 1 12 32"
96,7,-0.6853,0.9787,0.9781,-0.2612,0.1147,"33 32 39 12 33 4 31 2 7 28 28 22 7 7 32 24 31 31 8 7 2 33 12 31 11 31 37 33 2 6 23 32 2 33 31 32 31 2 31 39 39 12 39 2 12 10 38 12 32 12 30 12 12 33 2 12 32 31 29 12 39 2 2 33 23 29 31 23 12 29 23 2 31 25 31 0 33 2 39 39 24 31 33 33 12 31 2 39 32 24 42 39 30 32 39 33 31 2 32 12 25 25 18 39 12 39 23 25 25 12 27 2 39 25 12 12 17 27 26 17 12 2 35 25 26 25 27 2 39 39 22 25 18 25 18 18 26 39 0 25 26 29 27 25 10 17 18 25 2 2 25 32 12 2 27 17 26 12 2 39 25 26 27 26 39 39 17 26 26 39 25 17 39 17 12 17 2 25 25 28 2 26 26 27 12 12 12 21 26 25 17 25 12 12 39 25 17 5 39 12 35 36 39 11 39 34 12 36 12 11 36 17 12 0 36 35 34 36 9 35 34 34 39 34 36 35 13 36 34 36 12 2 36 34 12 17 12 34 1 36 34 20 12 34 16 12 12 12 35 35 34 34 39 39 5 18 3 39 17 39 34 9 34 36 36 18 34 36 12 12 39 39 35 18 40 17 39 35 36 12 17 35 34 17 12 12 39 18 34 9 12 34 29 36 36 35 35 35 39 12 8 8 7 38 12 33 29 12 39 31 39 7 27 7 8 33 8 31 30 0 40 33 2 7 18 39 12 13 0 39 39 8 7 7 8 39 32 28 12 8 32 20 7 39 17 39 8 0 13 37 7 31 8 7 41 39 39 8 30 29 28 2 17 17 3 31 31 31 8 29 0 0 17 17 8 1 40 1 0 7 33 7 0 40 18 7 3 18 39 0 0 8 32 8 12 7 39 17 33 39 39 24 34 24 0 30 24 34 34 12 31 3 34 35 12 34 23 0 12 35 23 12 36 12 35 17 28 13 12 34 23 30 23 40 35 12 39 12 27 0 28 12 34 39 26 36 18 36 2 39 36 39 39 33 39 35 23 29 22 36 39 12 12 12 39 24 0 42 34 36 39 34 34 23 11 21 12 35 36 28 34 39 34 23 12 35 39 39 0 12 29 12 12 0 36 42 28 1 12 32"
97,7,-0.6853,0.9787,0.9781,-0.2595,0.1381,"33 32 39 12 33 4 31 2 7 28 28 22 7 7 32 24 31 31 8 7 2 33 12 31 11 31 37 33 2 6 23 32 2 33 31 32 31 2 31 39 39 12 39 2 12 10 38 12 32 12 30 12 12 33 2 12 32 31 29 12 39 2 2 33 23 29 31 23 12 29 23 2 31 25 31 0 33 2 39 39 24 31 33 33 12 31 2 39 32 24 42 39 30 32 39 33 31 2 32 12 25 25 18 39 12 39 23 25 25 12 27 2 39 25 12 12 17 27 26 17 12 2 35 25 26 25 27 2 39 39 22 25 18 25 18 18 26 39 0 25 26 29 27 25 10 17 18 25 2 2 25 32 12 2 27 17 26 12 2 39 25 26 27 26 39 39 17 26 26 39 25 17 39 17 12 17 2 25 25 28 2 26 26 27 12 12 12 21 26 25 17 25 12 12 39 25 17 5 39 12 35 36 39 11 39 34 12 36 12 11 36 17 12 0 36 35 34 36 9 35 34 34 39 34 36 35 13 36 34 36 12 2 36 34 12 17 12 34 1 36 34 20 12 34 16 12 12 12 35 35 34 34 39 39 5 18 3 39 17 39 34 9 34 36 36 18 34 36 12 12 39 39 35 18 40 17 39 35 36 12 17 35 34 17 12 12 39 18 34 9 12 34 29 36 36 35 35 35 39 12 8 8 7 38 12 33 29 12 39 31 39 7 27 7 8 33 8 31 30 0 40 33 2 7 18 39 12 13 0 39 39 8 7 7 8 39 32 28 12 8 32 20 7 39 17 39 8 0 13 37 7 31 8 7 41 39 39 8 30 29 28 2 17 17 3 31 31 31 8 29 0 0 17 17 8 1 40 1 0 7 33 7 0 40 18 7 3 18 39 0 0 8 32 8 12 7 39 17 33 39 39 24 34 24 0 30 24 34 34 12 31 3 34 35 12 34 23 0 12 35 23 12 36 12 35 17 28 13 12 34 23 30 23 40 35 12 39 12 27 0 28 12 34 39 26 36 18 36 2 39 36 39 39 33 39 35 23 29 22 36 39 12 12 12 39 24 0 42 34 36 39 34 34 23 11 21 12 35 36 28 34 39 34 23 12 35 39 39 0 12 29 12 12 0 36 42 28 1 12 32"
98,7,-0.6853,0.9787,0.9781,-0.2547,0.1184,"33 32 39 12 33 4 31 2 7 28 28 22 7 7 32 24 31 31 8 7 2 33 12 31 11 31 37 33 2 6 23 32 2 33 31 32 31 2 31 39 39 12 39 2 12 10 38 12 32 12 30 12 12 33 2 12 32 31 29 12 39 2 2 33 23 29 31 23 12 29 23 2 31 25 31 0 33 2 39 39 24 31 33 33 12 31 2 39 32 24 42 39 30 32 39 33 31 2 32 12 25 25 18 39 12 39 23 25 25 12 27 2 39 25 12 12 17 27 26 17 12 2 35 25 26 25 27 2 39 39 22 25 18 25 18 18 26 39 0 25 26 29 27 25 10 17 18 25 2 2 25 32 12 2 27 17 26 12 2 39 25 26 27 26 39 39 17 26 26 39 25 17 39 17 12 17 2 25 25 28 2 26 26 27 12 12 12 21 26 25 17 25 12 12 39 25 17 5 39 12 35 36 39 11 39 34 12 36 12 11 36 17 12 0 36 35 34 36 9 35 34 34 39 34 36 35 13 36 34 36 12 2 36 34 12 17 12 34 1 36 34 20 12 34 16 12 12 12 35 35 34 34 39 39 5 18 3 39 17 39 34 9 34 36 36 18 34 36 12 12 39 39 35 18 40 17 39 35 36 12 17 35 34 17 12 12 39 18 34 9 12 34 29 36 36 35 35 35 39 12 8 8 7 38 12 33 29 12 39 31 39 7 27 7 8 33 8 31 30 0 40 33 2 7 18 39 12 13 0 39 39 8 7 7 8 39 32 28 12 8 32 20 7 39 17 39 8 0 13 37 7 31 8 7 41 39 39 8 30 29 28 2 17 17 3 31 31 31 8 29 0 0 17 17 8 1 40 1 0 7 33 7 0 40 18 7 3 18 39 0 0 8 32 8 12 7 39 17 33 39 39 24 34 24 0 30 24 34 34 12 31 3 34 35 12 34 23 0 12 35 23 12 36 12 35 17 28 13 12 34 23 30 23 40 35 12 39 12 27 0 28 12 34 39 26 36 18 36 2 39 36 39 39 33 39 35 23 29 22 36 39 12 12 12 39 24 0 42 34 36 39 34 34 23 11 21 12 35 36 28 34 39 34 23 12 35 39 39 0 12 29 12 12 0 36 42 28 1 12 32"
99,7,-0.6853,0.9787,0.9781,-0.2532,0.1933,"33 32 39 12 33 4 31 2 7 28 28 22 7 7 32 24 31 31 8 7 2 33 12 31 11 31 37 33 2 6 23 32 2 33 31 32 31 2 31 39 39 12 39 2 12 10 38 12 32 12 30 12 12 33 2 12 32 31 29 12 39 2 2 33 23 29 31 23 12 29 23 2 31 25 31 0 33 2 39 39 24 31 33 33 12 31 2 39 32 24 42 39 30 32 39 33 31 2 32 12 25 25 18 39 12 39 23 25 25 12 27 2 39 25 12 12 17 27 26 17 12 2 35 25 26 25 27 2 39 39 22 25 18 25 18 18 26 39 0 25 26 29 27 25 10 17 18 25 2 2 25 32 12 2 27 17 26 12 2 39 25 26 27 26 39 39 17 26 26 39 25 17 39 17 12 17 2 25 25 28 2 26 26 27 12 12 12 21 26 25 17 25 12 12 39 25 17 5 39 12 35 36 39 11 39 34 12 36 12 11 36 17 12 0 36 35 34 36 9 35 34 34 39 34 36 35 13 36 34 36 12 2 36 34 12 17 12 34 1 36 34 20 12 34 16 12 12 12 35 35 34 34 39 39 5 18 3 39 17 39 34 9 34 36 36 18 34 36 12 12 39 39 35 18 40 17 39 35 36 12 17 35 34 17 12 12 39 18 34 9 12 34 29 36 36 35 35 35 39 12 8 8 7 38 12 33 29 12 39 31 39 7 27 7 8 33 8 31 30 0 40 33 2 7 18 39 12 13 0 39 39 8 7 7 8 39 32 28 12 8 32 20 7 39 17 39 8 0 13 37 7 31 8 7 41 39 39 8 30 29 28 2 17 17 3 31 31 31 8 29 0 0 17 17 8 1 40 1 0 7 33 7 0 40 18 7 3 18 39 0 0 8 32 8 12 7 39 17 33 39 39 24 34 24 0 30 24 34 34 12 31 3 34 35 12 34 23 0 12 35 23 12 36 12 35 17 28 13 12 34 23 30 23 40 35 12 39 12 27 0 28 12 34 39 26 36 18 36 2 39 36 39 39 33 39 35 23 29 22 36 39 12 12 12 39 24 0 42 34 36 39 34 34 23 11 21 12 35 36 28 34 39 34 23 12 35 39 39 0 12 29 12 12 0 36 42 28 1 12 32"
100,7,-0.6853,0.9787,0.9781,-0.2572,0.2155,"33 32 39 12 33 4 31 2 7 28 28 22 7 7 32 24 31 31 8 7 2 33 12 31 11 31 37 33 2 6 23 32 2 33 31 32 31 2 31 39 39 12 39 2 12 10 38 12 32 12 30 12 12 33 2 12 32 31 29 12 39 2 2 33 23 29 31 23 12 29 23 2 31 25 31 0 33 2 39 39 24 31 33 33 12 31 2 39 32 24 42 39 30 32 39 33 31 2 32 12 25 25 18 39 12 39 23 25 25 12 27 2 39 25 12 12 17 27 26 17 12 2 35 25 26 25 27 2 39 39 22 25 18 25 18 18 26 39 0 25 26 29 27 25 10 17 18 25 2 2 25 32 12 2 27 17 26 12 2 39 25 26 27 26 39 39 17 26 26 39 25 17 39 17 12 17 2 25 25 28 2 26 26 27 12 12 12 21 26 25 17 25 12 12 39 25 17 5 39 12 35 36 39 11 39 34 12 36 12 11 36 17 12 0 36 35 34 36 9 35 34 34 39 34 36 35 13 36 34 36 12 2 36 34 12 17 12 34 1 36 34 20 12 34 16 12 12 12 35 35 34 34 39 39 5 18 3 39 17 39 34 9 34 36 36 18 34 36 12 12 39 39 35 18 40 17 39 35 36 12 17 35 34 17 12 12 39 18 34 9 12 34 29 36 36 35 35 35 39 12 8 8 7 38 12 33 29 12 39 31 39 7 27 7 8 33 8 31 30 0 40 33 2 7 18 39 12 13 0 39 39 8 7 7 8 39 32 28 12 8 32 20 7 39 17 39 8 0 13 37 7 31 8 7 41 39 39 8 30 29 28 2 17 17 3 31 31 31 8 29 0 0 17 17 8 1 40 1 0 7 33 7 0 40 18 7 3 18 39 0 0 8 32 8 12 7 39 17 33 39 39 24 34 24 0 30 24 34 34 12 31 3 34 35 12 34 23 0 12 35 23 12 36 12 35 17 28 13 12 34 23 30 23 40 35 12 39 12 27 0 28 12 34 39 26 36 18 36 2 39 36 39 39 33 39 35 23 29 22 36 39 12 12 12 39 24 0 42 34 36 39 34 34 23 11 21 12 35 36 28 34 39 34 23 12 35 39 39 0 12 29 12 12 0 36 42 28 1 12 32"
# runtime_seconds=27.515
